0.20534	0.4952206	0.299439
0.6087122	0.1562556	0.2350322
0.6175519	0.1385939	0.2438541
0.6184801	0.1569315	0.2245885
0.4676989	0.216095	0.3162061
0.4764812	0.2113769	0.3121419
0.4769303	0.2115594	0.3115103
0.4865841	0.2065318	0.306884
0.4716388	0.2139055	0.3144556
0.4688852	0.2155033	0.3156117
0.4889723	0.2052476	0.3057801
0.4780945	0.2109078	0.3109976
0.4805036	0.2096902	0.3098062
0.64128	0.1499455	0.2087743
0.4845294	0.2046137	0.3108569
0.4713222	0.2138654	0.3148125
0.4745803	0.2124421	0.3129776
0.4771603	0.2114956	0.311344
0.4653627	0.2172322	0.3174049
0.4607968	0.2196348	0.3195683
0.4488921	0.2252624	0.3258455
0.4639019	0.2176478	0.3184502
0.1127101	0.3993714	0.4879185
0.1282737	0.3930977	0.4786285
0.6159127	0.1508158	0.2332715
0.1576952	0.3744653	0.4678394
0.1323761	0.3762771	0.4913468
0.1225192	0.3891487	0.4883321
0.1166136	0.3908887	0.4924977
0.1220211	0.3929305	0.4850484
0.1434942	0.3814477	0.4750581
0.1177002	0.3901481	0.4921517
0.1159929	0.3895409	0.4944662
0.1215696	0.3929739	0.4854565
0.1173219	0.3918367	0.4908413
0.6303268	0.1395713	0.2301019
0.1122966	0.3900018	0.4977016
0.1157615	0.3987135	0.485525
0.2094124	0.3288994	0.4616882
0.1565428	0.372369	0.4710882
0.1574424	0.376734	0.4658236
0.1789168	0.3646558	0.4564273
0.1301902	0.3904381	0.4793717
0.1148992	0.399948	0.4851528
0.1256115	0.3916381	0.4827504
0.114055	0.3911048	0.4948401
0.6176418	0.138773	0.2435851
0.1631552	0.3693259	0.4675189
0.1046798	0.3927254	0.5025948
0.1099655	0.396446	0.4935885
0.1140176	0.3934444	0.492538
0.1501071	0.3827992	0.4670937
0.1152368	0.3889835	0.4957798
0.136971	0.3742723	0.4887567
0.1000021	0.3999994	0.4999985
0.1000022	0.3999995	0.4999985
0.1010496	0.3997577	0.4991927
0.6262916	0.1418396	0.2318688
0.1006755	0.3997647	0.4995598
0.1000021	0.3999994	0.4999985
0.1000021	0.3999994	0.4999985
0.1000512	0.3999995	0.4999493
0.1006364	0.3999994	0.4993642
0.1000022	0.3999994	0.4999985
0.1000022	0.3999995	0.4999984
0.1000021	0.3999995	0.4999986
0.1000189	0.3999994	0.4999817
0.1000021	0.3999994	0.4999985
0.1000022	0.3999995	0.4999984
0.1000021	0.3999994	0.4999985
0.1000021	0.3999994	0.4999985
0.1013965	0.4001467	0.4984568
0.1000022	0.3999996	0.4999984
0.1000021	0.3999997	0.4999985
0.1000022	0.3999997	0.4999983
0.1006437	0.3999994	0.4993569
0.1056959	0.3987797	0.4955243
0.1000021	0.3999995	0.4999983
0.6172793	0.1527383	0.2299822
0.1000021	0.3999994	0.4999986
0.1000021	0.3999994	0.4999984
0.2259075	0.3383993	0.4356932
0.1000021	0.3999994	0.4999983
0.1057099	0.3961717	0.4981184
0.100002	0.3999995	0.4999983
0.1000021	0.3999994	0.4999985
0.1000021	0.3999994	0.4999985
0.1000021	0.3999994	0.4999984
0.100002	0.3999994	0.4999984
0.6525582	0.1165463	0.2308956
0.1000021	0.3999996	0.4999986
0.1000021	0.3999994	0.4999986
0.100002	0.3999994	0.4999984
0.1000021	0.3999994	0.4999984
0.1000021	0.3999994	0.4999983
0.100002	0.3999996	0.4999983
0.1000021	0.3999994	0.4999983
0.1000021	0.3999994	0.4999983
0.1000021	0.3999994	0.4999983
0.1000022	0.3999996	0.4999984
0.6474786	0.1238343	0.2286871
0.1000021	0.3999993	0.4999986
0.100002	0.3999995	0.4999983
0.1000021	0.3999995	0.4999982
0.1000021	0.3999997	0.4999983
0.100002	0.3999996	0.4999983
0.100002	0.3999994	0.4999984
0.1000021	0.4000005	0.4999974
0.1000022	0.3999994	0.4999984
0.100002	0.3999995	0.4999984
0.1000021	0.3999994	0.4999983
0.66246	0.1156831	0.2218569
0.6297332	0.1439029	0.2263639
0.1071561	0.3937719	0.499072
0.1342603	0.3853208	0.4804189
0.1001768	0.3999005	0.4999227
0.2242482	0.3193621	0.4563897
0.249348	0.3254846	0.4251674
0.248838	0.313141	0.438021
0.2405953	0.3315138	0.4278908
0.2169122	0.3493143	0.4337736
0.2416761	0.3307856	0.4275382
0.2448828	0.3277649	0.4273524
0.6202552	0.151721	0.2280238
0.2532142	0.3251396	0.4216462
0.2091644	0.3389531	0.4518825
0.2473555	0.326978	0.4256665
0.100002	0.3999994	0.4999984
0.1000021	0.3999996	0.4999981
0.1000021	0.3999996	0.4999981
0.100002	0.3999996	0.4999981
0.100002	0.3999994	0.4999984
0.100002	0.3999994	0.4999984
0.100002	0.3999994	0.4999984
0.6217009	0.1562828	0.2220162
0.100002	0.3999996	0.4999981
0.100002	0.3999996	0.4999981
0.1000021	0.3999994	0.4999983
0.1000019	0.3999996	0.4999982
0.1000021	0.3999994	0.4999983
0.1000021	0.3999994	0.4999983
0.1000021	0.3999994	0.4999983
0.100002	0.3999994	0.4999984
0.4903614	0.2061724	0.3034661
0.100002	0.3999995	0.4999983
0.6192201	0.1473479	0.2334321
0.1000021	0.3999994	0.4999983
0.1000021	0.3999994	0.4999983
0.1000021	0.3999994	0.4999983
0.1000021	0.3999995	0.4999982
0.1000021	0.3999994	0.4999983
0.100002	0.3999994	0.4999984
0.1000019	0.3999996	0.4999983
0.100002	0.3999994	0.4999984
0.1000021	0.3999996	0.4999981
0.1000019	0.3999996	0.4999982
0.6063833	0.1455162	0.2481006
0.1105188	0.3985933	0.4908879
0.1007255	0.3995659	0.4997086
0.1063654	0.3964114	0.4972232
0.1028022	0.3990958	0.498102
0.1107712	0.3972137	0.4920151
0.1130636	0.3956197	0.4913167
0.1156923	0.4009786	0.4833291
0.1255635	0.3941284	0.4803081
0.2841469	0.3082567	0.4075964
0.116333	0.40337	0.480297
0.6330548	0.1362564	0.2306886
0.3001879	0.3009717	0.3988404
0.2674761	0.3168148	0.4157091
0.3807809	0.2627564	0.3564627
0.2924004	0.3040764	0.4035232
0.292336	0.3041054	0.4035586
0.2989003	0.30207	0.3990296
0.3318507	0.2841349	0.3840143
0.3071218	0.2969579	0.3959204
0.2944971	0.3050765	0.4004265
0.3168366	0.2914546	0.3917088
0.6035369	0.1603135	0.2361497
0.3300019	0.2850211	0.384977
0.3370693	0.2827068	0.380224
0.2607238	0.3200186	0.4192577
0.3419044	0.2791673	0.3789282
0.3556853	0.2723729	0.3719418
0.3689661	0.2657103	0.3653236
0.3617854	0.2693673	0.3688473
0.3492586	0.2757628	0.3749784
0.3956295	0.2522001	0.3521703
0.3667966	0.2667128	0.3664906
0.6232839	0.139368	0.2373481
0.365774	0.2671565	0.3670695
0.3691479	0.2655589	0.3652931
0.4148886	0.242506	0.3426053
0.4692379	0.2151258	0.3156362
0.4628549	0.2184742	0.3186709
0.4725607	0.2137506	0.3136887
0.4724005	0.2123743	0.3152251
0.4696037	0.2162989	0.3140974
0.4713678	0.214328	0.3143042
0.4759563	0.2119729	0.3120708
0.6289996	0.1411447	0.2298557
0.4718669	0.2139879	0.3141453
0.4772688	0.2112823	0.3114489
0.471789	0.2141706	0.3140404
0.4660042	0.2163267	0.3176692
0.4646999	0.2175537	0.3177463
0.4827252	0.2085017	0.308773
0.658711	0.1277959	0.2134931
0.6214777	0.1490909	0.2294312
0.6517147	0.1224131	0.2258722
0.4369217	0.2310797	0.3319985
0.4503899	0.2246414	0.3249687
0.4575802	0.2218122	0.3206076
0.4526374	0.2235398	0.3238225
0.3772174	0.2608699	0.3619127
0.4408175	0.2298931	0.3292894
0.4269374	0.2664581	0.3066047
0.1162243	0.394206	0.4895697
0.4061129	0.2700943	0.3237928
0.6255322	0.1482876	0.2261803
0.4471513	0.226175	0.3266738
0.4651123	0.2173343	0.3175534
0.4652812	0.2198666	0.3148523
0.4693101	0.209592	0.321098
0.4325609	0.2331904	0.3342488
0.4722296	0.2157602	0.3120103
0.4352858	0.2557949	0.3089193
0.4323584	0.2388796	0.328762
0.4247909	0.3047944	0.2704149
0.3311727	0.346436	0.3223915
0.6354874	0.1226372	0.2418755
0.3000593	0.3805002	0.3194406
0.4436358	0.2286197	0.3277445
0.4414076	0.2290013	0.3295911
0.4368683	0.231026	0.3321055
0.4455719	0.2271947	0.3272333
0.4441685	0.2275672	0.3282641
0.4325807	0.2334496	0.3339696
0.4290228	0.2350568	0.3359205
0.4309587	0.2338328	0.3352084
0.4777473	0.2708443	0.2514086
0.42437	0.2375106	0.3381194
0.5027055	0.1982949	0.2989996
0.5002775	0.2009812	0.2987412
0.4936602	0.2097783	0.2965617
0.4840011	0.2076944	0.3083045
0.4927997	0.2038188	0.3033815
0.4859804	0.2091441	0.3048755
0.494104	0.2052388	0.3006571
0.4715754	0.2197518	0.3086728
0.4807562	0.2112586	0.3079852
0.6231278	0.1426308	0.2342414
0.4952263	0.2161312	0.2886425
0.4114035	0.2435636	0.3450329
0.4341931	0.23251	0.3332969
0.4415941	0.2289112	0.3294947
0.4363147	0.2312918	0.3323936
0.4266005	0.2361173	0.3372823
0.4303827	0.2343347	0.3352826
0.4255724	0.2368039	0.3376236
0.4171666	0.2407472	0.3420861
0.5817941	0.1649131	0.2532929
0.420922	0.2386445	0.3404332
0.6300413	0.1377332	0.2322255
0.641081	0.1290977	0.2298212
0.621754	0.1438211	0.2344249
0.6266714	0.1475249	0.2258037
0.6305585	0.1349463	0.2344953
0.6205553	0.1581116	0.2213332
0.4447003	0.2982096	0.2570902
0.6219294	0.1329242	0.2451462
0.6190006	0.1459386	0.2350608
0.6214804	0.1556534	0.2228662
0.6294399	0.1402088	0.2303511
0.6468015	0.1272978	0.2259007
0.6307849	0.1467634	0.2224517
0.6115745	0.1525809	0.2358445
0.6278777	0.143908	0.2282144
0.5971528	0.1572009	0.2456465
0.647335	0.131616	0.2210489
0.197911	0.4985867	0.3035024
0.194002	0.5002561	0.3057419
0.1974211	0.498289	0.3042898
0.2016998	0.496927	0.3013735
0.2008319	0.4969088	0.3022592
0.1947678	0.5022808	0.3029515
0.1996533	0.499876	0.3004707
0.1995343	0.5029915	0.2974743
0.1946066	0.5056886	0.2997048
0.6456335	0.1246175	0.229749
0.1938675	0.4850595	0.3210732
0.1987383	0.5002465	0.3010152
0.2020731	0.4956161	0.3023108
0.2008578	0.4963033	0.3028388
0.1992484	0.500852	0.2998995
0.2132718	0.4894152	0.297313
0.2053461	0.4980211	0.2966328
0.199645	0.5003329	0.3000221
0.1993634	0.5006362	0.3000004
0.1961897	0.5008028	0.3030074
0.6467301	0.127734	0.225536
0.1980342	0.4990956	0.3028702
0.1963389	0.5000348	0.3036262
0.1974059	0.4999244	0.3026698
0.2087321	0.4889564	0.3023116
0.2036155	0.4975568	0.2988277
0.1985939	0.5010694	0.3003367
0.1993121	0.5000474	0.3006405
0.1996102	0.5003529	0.300037
0.1994713	0.501615	0.2989137
0.6332443	0.132942	0.2338138
0.1992448	0.4948295	0.3059256
0.2730735	0.4395411	0.2873853
0.2050244	0.4940673	0.3009083
0.2000209	0.5001299	0.2998492
0.1998755	0.5000912	0.3000335
0.1972	0.4969085	0.3058913
0.1975881	0.497616	0.3047959
0.1980973	0.5018509	0.3000518
0.2010211	0.4995884	0.2993905
0.1993148	0.4968891	0.3037961
0.642615	0.1274628	0.2299222
0.1958682	0.4998024	0.3043294
0.191096	0.491646	0.3172579
0.197951	0.5003192	0.3017298
0.1949353	0.4961184	0.3089462
0.1956396	0.4995892	0.3047714
0.1979765	0.499682	0.3023416
0.1978909	0.4966576	0.3054515
0.1977675	0.5018556	0.3003768
0.1971401	0.5012282	0.3016317
0.1980782	0.4989873	0.3029346
0.6195687	0.1510653	0.2293661
0.199658	0.5002053	0.3001367
0.198377	0.5020358	0.2995872
0.2001538	0.5012156	0.2986306
0.2000013	0.4999982	0.3000004
0.479702	0.2132821	0.3070159
0.2259441	0.4666416	0.3074144
0.1999841	0.4999417	0.3000741
0.1978126	0.5025717	0.2996157
0.1971884	0.500234	0.3025775
0.1997895	0.5003542	0.2998563
0.5566193	0.2016564	0.2417243
0.6199908	0.1511894	0.2288198
0.1992797	0.5006825	0.3000378
0.2001956	0.4976607	0.3021438
0.1982469	0.5014743	0.3002788
0.1996439	0.497925	0.302431
0.1986265	0.5012742	0.3000994
0.1995233	0.4963112	0.3041657
0.2005195	0.501843	0.2976375
0.2000133	0.4947727	0.305214
0.1995607	0.5004434	0.2999959
0.2003761	0.4976402	0.3019837
0.6315781	0.1349999	0.233422
0.1996155	0.498608	0.3017766
0.1972022	0.4944791	0.3083189
0.1985763	0.5015919	0.299832
0.201089	0.4980881	0.3008227
0.2094413	0.4936804	0.2968783
0.2000942	0.4983558	0.30155
0.1994157	0.4967475	0.3038368
0.1987622	0.5010622	0.3001756
0.1970202	0.5064617	0.2965181
0.520336	0.2349129	0.2447509
0.1993457	0.5003194	0.3003348
0.3695506	0.335185	0.2952644
0.1988916	0.4983623	0.3027461
0.1978456	0.5016366	0.3005177
0.1984569	0.5014034	0.3001396
0.2114822	0.4922194	0.2962987
0.2014581	0.4977715	0.3007705
0.202102	0.5005052	0.297393
0.1979255	0.5015932	0.3004814
0.2131656	0.4842859	0.3025484
0.547284	0.1938523	0.2588637
0.1996207	0.5001402	0.3002391
0.1985427	0.5010793	0.300378
0.1859143	0.4866153	0.3274704
0.1865528	0.4859162	0.3275312
0.1995207	0.5006522	0.2998271
0.1968477	0.5013571	0.3017953
0.1970732	0.5009354	0.3019915
0.1994405	0.4998829	0.3006765
0.1970188	0.5031464	0.2998347
0.2000013	0.4999525	0.3000462
0.6529263	0.1153063	0.2317674
0.201856	0.4975226	0.3006214
0.1883923	0.4889808	0.322627
0.1986611	0.5014043	0.2999346
0.1964614	0.5016063	0.3019323
0.1981414	0.5011753	0.3006833
0.1993474	0.5033279	0.2973242
0.1977421	0.502634	0.299624
0.1986195	0.4996999	0.3016806
0.2007768	0.4973495	0.3018738
0.6316952	0.1367349	0.2315699
0.1983271	0.5022715	0.2994014
0.1968123	0.4976805	0.3055071
0.1877019	0.4875384	0.3247598
0.1983209	0.5017475	0.2999317
0.1990158	0.5010386	0.2999456
0.1992541	0.5008921	0.2998539
0.1993925	0.5007665	0.2998411
0.1980686	0.5011979	0.3007336
0.3469282	0.3457188	0.3073533
0.1984097	0.5006457	0.3009446
0.5461596	0.2130014	0.240839
0.1987301	0.4991095	0.3021603
0.1999282	0.4998286	0.3002433
0.1977837	0.4996542	0.3025621
0.199652	0.5003035	0.3000445
0.2068873	0.4965288	0.2965837
0.4456423	0.2876744	0.2666832
0.1881058	0.4881567	0.3237376
0.1984112	0.5006778	0.300911
0.197905	0.502751	0.299344
0.2019749	0.4935457	0.3044794
0.5811326	0.1849523	0.2339152
0.1989249	0.5015522	0.2995229
0.1984287	0.4992283	0.302343
0.1986651	0.4772638	0.324071
0.2075312	0.4907709	0.301698
0.1986111	0.5011769	0.300212
0.2009231	0.5000083	0.2990686
0.1993503	0.5002959	0.3003538
0.1974992	0.5030998	0.299401
0.199901	0.5002223	0.2998768
0.1987115	0.4984546	0.3028338
0.6069685	0.1570922	0.2359393
0.1999553	0.499949	0.3000957
0.1984749	0.5009585	0.3005667
0.1983114	0.5013479	0.3003408
0.1999269	0.4994753	0.3005979
0.1987235	0.5008936	0.300383
0.1984977	0.4923666	0.3091357
0.1989455	0.5009679	0.3000866
0.1899977	0.4861573	0.3238453
0.1981566	0.5016362	0.3002072
0.1979419	0.5017436	0.3003146
0.1988046	0.497773	0.3034221
0.1995696	0.4985744	0.301856
0.1988911	0.5012731	0.2998357
0.2004379	0.4853756	0.3141864
0.2005063	0.495275	0.3042188
0.1979389	0.5017901	0.300271
0.2010541	0.4990748	0.2998712
0.1988797	0.5004988	0.3006216
0.2021002	0.4923085	0.3055913
0.1978679	0.5017078	0.3004244
0.6578261	0.108731	0.2334429
0.4010742	0.3333331	0.2655927
0.2003713	0.5013856	0.2982432
0.2130689	0.4883388	0.2985925
0.2111468	0.4950076	0.2938456
0.2086635	0.4890479	0.3022886
0.1993007	0.5005312	0.3001681
0.1979252	0.5015151	0.3005597
0.1982695	0.5020241	0.2997064
0.1973962	0.502616	0.2999878
0.1982195	0.5013541	0.3004264
0.1972381	0.5020944	0.3006675
0.4322362	0.3053315	0.2624323
0.1993116	0.4875894	0.3130989
0.198624	0.501265	0.300111
0.1986592	0.4999179	0.3014229
0.2038214	0.4964381	0.2997405
0.2011185	0.4988721	0.3000093
0.2001338	0.499213	0.3006531
0.1967977	0.4775926	0.3256098
0.1993946	0.4994238	0.3011816
0.1994963	0.5001595	0.3003442
0.5910874	0.1902158	0.218697
0.1994792	0.5004138	0.300107
0.1969054	0.5032236	0.299871
0.1969001	0.5010063	0.3020936
0.199958	0.4995956	0.3004463
0.1998225	0.5001773	0.3000003
0.1996098	0.500343	0.3000472
0.1981325	0.4988434	0.303024
0.1990975	0.4998507	0.3010518
0.1968611	0.4774926	0.3256464
0.4824631	0.2664677	0.2510692
0.1978856	0.5021827	0.2999317
0.2034967	0.497459	0.2990442
0.1999881	0.500045	0.2999669
0.2020311	0.4966495	0.3013193
0.1983075	0.5022725	0.2994201
0.1976192	0.5038642	0.2985167
0.1972683	0.5024164	0.3003153
0.2003703	0.5022797	0.29735
0.1985829	0.499915	0.3015021
0.201657	0.5036185	0.2947246
0.4902586	0.2611724	0.248569
0.2058203	0.48944	0.3047396
0.198088	0.5018052	0.3001068
0.2024383	0.499402	0.2981599
0.1989252	0.5006032	0.3004717
0.2024779	0.5014178	0.2961043
0.199548	0.4991152	0.3013367
0.1963938	0.5049785	0.2986277
0.1981327	0.5023098	0.2995575
0.2137259	0.4882031	0.298071
0.450868	0.2926399	0.2564922
0.2036325	0.4970302	0.2993374
0.2004898	0.4976309	0.3018794
0.1947708	0.5032552	0.301974
0.1969808	0.5028775	0.3001417
0.199377	0.4989638	0.3016592
0.1975731	0.5021156	0.3003114
0.2018193	0.5003861	0.2977946
0.1975033	0.5010416	0.3014552
0.2004926	0.5077269	0.2917805
0.2015534	0.4974517	0.3009949
0.5436623	0.1813141	0.2750235
0.2147353	0.4951713	0.2900936
0.1980875	0.5014829	0.3004296
0.1966344	0.5030353	0.3003304
0.1972799	0.5025358	0.3001842
0.1981627	0.5015698	0.3002675
0.1976512	0.5022729	0.3000759
0.2117961	0.4920532	0.2961508
0.1976129	0.5020977	0.3002893
0.1987381	0.5005771	0.3006848
0.1985187	0.5015308	0.2999507
0.5068846	0.2454793	0.2476361
0.1995405	0.5002185	0.300241
0.1990832	0.5001023	0.3008144
0.1976808	0.5051591	0.2971601
0.1982057	0.5010509	0.3007435
0.1983279	0.5022384	0.2994338
0.2047928	0.4963111	0.2988961
0.1982843	0.5012782	0.3004375
0.1970133	0.5014574	0.3015293
0.1999285	0.4998781	0.3001934
0.3299568	0.3924497	0.2775937
0.2082963	0.4931412	0.2985625
0.1961388	0.503157	0.3007043
0.2013793	0.5001726	0.2984481
0.2044942	0.4941504	0.3013553
0.2015807	0.4984213	0.2999981
0.2010684	0.506545	0.2923866
0.2023114	0.498573	0.2991157
0.2092365	0.4889929	0.3017705
0.1977663	0.5021653	0.3000685
0.1997796	0.4997304	0.3004901
0.4900551	0.2576722	0.2522727
0.2004534	0.500857	0.2986896
0.2025561	0.4989522	0.2984918
0.1968817	0.5021639	0.3009543
0.1988299	0.5036637	0.2975064
0.2028637	0.4983636	0.2987727
0.2035001	0.4962557	0.3002442
0.2002994	0.499558	0.3001426
0.1993743	0.5055749	0.2950508
0.197631	0.5030315	0.2993375
0.2019298	0.4984762	0.299594
0.5968834	0.1832883	0.2198283
0.3072936	0.4109396	0.2817668
0.1941422	0.485384	0.3204734
0.1978008	0.5011978	0.3010014
0.2060828	0.4954109	0.2985064
0.1967225	0.5035817	0.2996958
0.1982116	0.5026079	0.2991806
0.1976881	0.504304	0.2980079
0.2020635	0.4989751	0.2989614
0.1985275	0.5012608	0.3002117
0.1978228	0.5018045	0.3003728
0.1991428	0.5010553	0.2998019
0.4239419	0.3148653	0.2611927
0.1998856	0.499817	0.3002976
0.1950789	0.4825905	0.3223306
0.1975099	0.5021876	0.3003026
0.1989974	0.4984198	0.3025826
0.1988338	0.4983239	0.3028424
0.1993746	0.4998457	0.3007797
0.2065856	0.4812841	0.3121303
0.1973466	0.502481	0.3001724
0.2027045	0.4977482	0.2995472
0.4319981	0.3058858	0.2621162
0.2265615	0.4675994	0.3058391
0.201609	0.4985499	0.2998409
0.198488	0.5020037	0.2995083
0.1964242	0.502726	0.3008498
0.2068981	0.499752	0.2933499
0.207659	0.4911607	0.3011803
0.199954	0.5015204	0.2985255
0.1991458	0.5014773	0.2993768
0.1998314	0.5001261	0.3000425
0.2014616	0.4984278	0.3001106
0.4144546	0.321877	0.2636685
0.1995295	0.4996331	0.3008374
0.2016707	0.4991139	0.2992152
0.2134118	0.4888549	0.2977332
0.1990133	0.5016251	0.2993615
0.3251774	0.363963	0.3108597
0.198862	0.5031297	0.2980084
0.194065	0.5044615	0.3014735
0.2048964	0.4918032	0.3033004
0.1988135	0.5013295	0.299857
0.1977016	0.5015151	0.3007833
0.5436451	0.2147808	0.2415742
0.2025868	0.4979911	0.2994223
0.1962456	0.5049263	0.2988282
0.197758	0.5019188	0.3003233
0.2208741	0.4646359	0.31449
0.2025586	0.503116	0.2943254
0.2033918	0.4955209	0.3010873
0.1988833	0.5010869	0.3000298
0.1984334	0.5015046	0.300062
0.208965	0.4823437	0.3086913
0.2000757	0.5008491	0.2990752
0.392798	0.3409452	0.2662568
0.1979484	0.5019663	0.3000852
0.1991256	0.5006079	0.3002665
0.2148242	0.493626	0.2915498
0.2159889	0.4843002	0.299711
0.2004007	0.4976681	0.3019313
0.2003419	0.4985571	0.3011011
0.2160978	0.4781978	0.3057044
0.2049409	0.4985247	0.2965344
0.1988359	0.501299	0.2998651
0.1954761	0.5039502	0.3005739
0.6393735	0.1280976	0.2325287
0.2017492	0.4966755	0.3015753
0.1994231	0.5005641	0.3000129
0.2239081	0.4628294	0.3132624
0.2040607	0.4959798	0.2999593
0.1998394	0.5004101	0.2997505
0.200831	0.4985076	0.3006613
0.2058954	0.4949951	0.2991094
0.200311	0.4980625	0.3016266
0.2042143	0.4989323	0.2968534
0.1965796	0.5050787	0.2983417
0.4459728	0.2976332	0.2563939
0.1998998	0.5007007	0.2993995
0.3745792	0.3561996	0.2692212
0.4017223	0.3334382	0.2648395
0.6427128	0.1311301	0.2261571
0.4376193	0.3031468	0.2592339
0.49977	0.2253539	0.2748761
0.3724819	0.356721	0.2707971
0.6152897	0.1646527	0.2200576
0.2302278	0.4750765	0.2946957
0.4724012	0.2744576	0.2531412
0.4884764	0.2401764	0.2713473
0.2186684	0.4613753	0.3199563
0.2414938	0.4641212	0.2943851
0.6245698	0.1434068	0.2320233
0.4111863	0.3243335	0.2644803
0.4972009	0.2543911	0.2484078
0.5965303	0.1630079	0.2404618
0.4126048	0.3242396	0.2631556
0.2755542	0.4148902	0.3095557
0.2623829	0.443725	0.2938921
0.3109361	0.4081522	0.2809117
0.5508637	0.2118722	0.2372641
0.5066926	0.2465468	0.2467605
0.4696954	0.2676334	0.2626714
0.5499008	0.2108205	0.2392788
0.6354687	0.1324885	0.2320428
0.4585555	0.2869946	0.2544499
0.2712056	0.44209	0.2867045
0.5873909	0.1600824	0.2525266
0.5495793	0.2107559	0.2396648
0.6083316	0.1587533	0.232915
0.645709	0.1278373	0.2264536
0.6399323	0.1377675	0.2223002
0.6255306	0.1392576	0.2352118
0.6449941	0.1578965	0.1971099
0.6054566	0.1576517	0.2368917
0.6261866	0.1506749	0.2231381
0.1997046	0.4998611	0.3004343
0.2023484	0.4970896	0.3005619
0.201759	0.4981084	0.3001326
0.197108	0.5027517	0.3001402
0.1982744	0.5009827	0.3007428
0.1962623	0.500088	0.3036498
0.1985677	0.5017743	0.2996581
0.1965184	0.5012943	0.3021873
0.1975755	0.5036307	0.2987937
0.6265721	0.1404449	0.2329831
0.1996335	0.5002678	0.3000987
0.2025971	0.4963559	0.301047
0.199915	0.4999126	0.3001724
0.1977939	0.5013379	0.3008682
0.1987989	0.5007285	0.3004726
0.1989121	0.4999957	0.3010922
0.2020785	0.4880964	0.3098251
0.2007591	0.4987454	0.3004955
0.1948534	0.5046882	0.3004584
0.1985352	0.5003027	0.301162
0.6181734	0.1510189	0.2308077
0.1987377	0.5012466	0.3000158
0.1997421	0.5004977	0.2997602
0.1969916	0.5025351	0.3004733
0.2012444	0.4813175	0.317438
0.1967256	0.5059284	0.297346
0.1992628	0.5045264	0.2962108
0.1964984	0.5032095	0.300292
0.1964756	0.5036474	0.299877
0.1975851	0.5022634	0.3001515
0.1984809	0.5017615	0.2997576
0.6689211	0.1177454	0.2133335
0.1945532	0.4985774	0.3068694
0.1998324	0.5001588	0.3000088
0.2132573	0.4883317	0.298411
0.1999198	0.4999891	0.3000911
0.207332	0.4949756	0.2976925
0.1968335	0.5023349	0.3008316
0.1990749	0.5008569	0.3000684
0.2121268	0.4626054	0.3252679
0.191535	0.4861221	0.322343
0.199501	0.4987954	0.3017037
0.6198278	0.1364252	0.2437471
0.1992984	0.4996536	0.301048
0.197407	0.5044821	0.298111
0.2015403	0.4961716	0.302288
0.1978987	0.502013	0.3000883
0.202984	0.4954202	0.3015958
0.1993059	0.5003664	0.3003277
0.1988129	0.5010773	0.3001098
0.2076433	0.4893404	0.3030162
0.1993155	0.4942295	0.3064548
0.1991577	0.4998035	0.3010388
0.6310627	0.1428481	0.2260893
0.1979961	0.5017606	0.3002433
0.198587	0.4979391	0.303474
0.1966992	0.5033332	0.2999676
0.1979183	0.5021817	0.2998999
0.1988191	0.5010626	0.3001183
0.1958216	0.5054741	0.2987043
0.1988266	0.5000659	0.3011076
0.1988661	0.4997289	0.301405
0.2096589	0.4887471	0.301594
0.1981811	0.5001501	0.3016689
0.5707215	0.1780696	0.2512091
0.2006185	0.4985542	0.3008273
0.2005936	0.4988831	0.3005233
0.1980277	0.50604	0.2959323
0.19978	0.5001856	0.3000344
0.1972128	0.501448	0.3013391
0.1974561	0.5011167	0.3014272
0.2137695	0.488511	0.2977197
0.1981308	0.4823026	0.3195666
0.1970581	0.5021333	0.3008086
0.2012327	0.498314	0.3004534
0.6407027	0.1251772	0.2341201
0.1982291	0.5011339	0.3006369
0.212292	0.4858256	0.3018826
0.1964051	0.5033123	0.3002826
0.1978379	0.5005849	0.3015773
0.2008721	0.500042	0.299086
0.1992324	0.5007775	0.2999901
0.1996155	0.5007123	0.2996722
0.1962086	0.502157	0.3016344
0.1984288	0.5018201	0.2997511
0.2062029	0.4869947	0.3068024
0.5955775	0.1652684	0.2391541
0.2003722	0.4936965	0.3059313
0.1987101	0.500872	0.3004181
0.1986728	0.5006544	0.3006728
0.1959523	0.4629821	0.3410655
0.1992878	0.500689	0.3000234
0.2004154	0.4778101	0.3217744
0.199904	0.5000628	0.3000332
0.1983062	0.501746	0.2999478
0.1985693	0.5011147	0.3003158
0.190966	0.4858331	0.3232008
0.6192396	0.1532919	0.2274684
0.199727	0.5000225	0.3002505
0.1990545	0.5003516	0.3005939
0.1984751	0.5004567	0.3010683
0.1987797	0.5013255	0.2998949
0.1995696	0.5003684	0.3000621
0.1987407	0.4993978	0.3018615
0.1997159	0.5002802	0.3000039
0.2013151	0.4987398	0.2999449
0.2025464	0.4964393	0.3010144
0.6569763	0.1214844	0.2215392
0.6323835	0.1518363	0.2157802
0.2002894	0.499776	0.2999345
0.1991114	0.499063	0.3018255
0.1983047	0.501123	0.3005723
0.2015868	0.4992421	0.299171
0.1994469	0.4987488	0.3018043
0.2003066	0.4989963	0.3006972
0.2047268	0.4948576	0.3004157
0.1989544	0.5001054	0.3009402
0.200046	0.5023248	0.2976291
0.2019101	0.4956352	0.3024546
0.6756876	0.1157644	0.208548
0.1971794	0.5024331	0.3003874
0.198811	0.5008136	0.3003754
0.6663165	0.1249954	0.208688
0.3636086	0.3461739	0.2902177
0.6183337	0.1597385	0.2219278
0.6322515	0.1392493	0.2284992
0.6204509	0.1460245	0.2335246
0.5906253	0.1741334	0.2352414
0.6574014	0.1169683	0.2256303
0.2240794	0.4655416	0.310379
0.2606494	0.4513102	0.2880403
0.1166144	0.4167776	0.4666079
0.1165684	0.3921848	0.4912468
0.1082931	0.4002944	0.4914125
0.1132832	0.4000868	0.48663
0.1010893	0.4182335	0.4806773
0.5026108	0.2196274	0.2777617
0.1113406	0.4009698	0.4876896
0.1240266	0.4035027	0.4724707
0.1020113	0.4101776	0.487811
0.1014246	0.4032486	0.4953268
0.1097952	0.4014612	0.4887436
0.1338588	0.3969466	0.4691945
0.1214068	0.4026154	0.4759778
0.1152533	0.4130958	0.4716509
0.1337637	0.4223722	0.4438639
0.2330426	0.4729725	0.2939849
0.203296	0.4906652	0.3060388
0.2157003	0.4913894	0.2929102
0.2082427	0.4962811	0.2954762
0.2061495	0.4872432	0.3066074
0.214363	0.498012	0.287625
0.2100825	0.4838935	0.306024
0.2373425	0.4691858	0.2934717
0.2131851	0.491247	0.2955679
0.2508703	0.4639783	0.2851515
0.2379909	0.457357	0.3046521
0.2122287	0.4883803	0.299391
0.2204979	0.4810952	0.298407
0.2132969	0.4676008	0.3191023
0.2376791	0.4698587	0.2924625
0.2739068	0.4182604	0.3078331
0.2107539	0.5068598	0.2823864
0.2233172	0.4739364	0.3027463
0.2279898	0.4694766	0.3025335
0.2348171	0.4696347	0.2955482
0.456294	0.2935209	0.2501847
0.2980651	0.4160266	0.2859083
0.3151497	0.4052658	0.2795845
0.2865944	0.4282281	0.2851775
0.2780068	0.4326109	0.2893821
0.2832662	0.4438097	0.2729241
0.467522	0.2270519	0.3054261
0.2547637	0.4550486	0.2901876
0.2969061	0.3970467	0.3060471
0.2737113	0.4266612	0.2996275
0.2642289	0.4067682	0.329003
0.2922455	0.4230073	0.284747
0.3110574	0.4053757	0.2835671
0.2849479	0.4308102	0.2842419
0.2907207	0.4164978	0.2927815
0.2826562	0.4319509	0.285393
0.2813768	0.4317768	0.2868464
0.2464497	0.4713282	0.2822223
0.2319195	0.4765254	0.2915551
0.2447631	0.4642354	0.2910013
0.2412342	0.4680516	0.2907143
0.2432661	0.4633481	0.2933858
0.2016703	0.499856	0.2984736
0.207866	0.4726412	0.319493
0.2144719	0.4858626	0.2996656
0.2204927	0.4808228	0.2986846
0.2163981	0.487945	0.2956571
0.4709732	0.214461	0.3145657
0.3361619	0.3869808	0.2768573
0.5499624	0.1804379	0.2695998
0.5275033	0.2015684	0.2709286
0.5398199	0.1981678	0.2620122
0.4713868	0.2838684	0.2447448
0.2013561	0.4979111	0.3007328
0.1990148	0.501486	0.2994992
0.2030361	0.4986218	0.2983421
0.1989616	0.5014886	0.2995498
0.1992591	0.5006435	0.3000975
0.1972897	0.5024511	0.3002592
0.1973917	0.5025462	0.3000621
0.2016839	0.4995759	0.2987402
0.1978681	0.5020922	0.3000397
0.1992954	0.5007038	0.3000008
0.1975977	0.5022822	0.3001201
0.2058952	0.4962007	0.297904
0.2194555	0.4862917	0.2942527
0.2126521	0.492046	0.2953019
0.214967	0.4942872	0.2907458
0.2089777	0.494877	0.2961452
0.2079543	0.4966926	0.2953532
0.2141709	0.4925658	0.2932633
0.2055703	0.4972149	0.2972149
0.2011732	0.4991233	0.2997035
0.204109	0.4945356	0.3013556
0.2070485	0.4936323	0.2993194
0.2001963	0.5067635	0.2930402
0.1876141	0.4866298	0.3257562
0.1969317	0.5029437	0.3001247
0.213831	0.4945973	0.2915718
0.2112546	0.4937719	0.2949736
0.5081109	0.2028587	0.2890304
0.5188144	0.2004812	0.2807044
0.5512301	0.1924529	0.256317
0.5566514	0.1683724	0.2749762
0.5022186	0.2068146	0.2909669
0.5472762	0.1753512	0.2773725
0.5689536	0.2098432	0.2212032
0.5581036	0.1914924	0.2504039
0.5292203	0.2274164	0.2433636
0.5427972	0.2171927	0.24001
0.5321968	0.2273194	0.2404836
0.6119379	0.1692999	0.2187621
0.5316043	0.2227999	0.2455957
0.5310982	0.20625	0.2626523
0.5643644	0.2002766	0.2353591
0.5995909	0.1715625	0.2288465
0.5962177	0.1549817	0.2488007
0.605233	0.1578672	0.2368999
0.5651013	0.1998546	0.2350439
0.6022558	0.1521864	0.2455579
0.2780487	0.4337689	0.2881824
0.5014932	0.1940191	0.3044876
0.3865652	0.3439449	0.2694899
0.662531	0.1169164	0.2205525
0.5030083	0.2545723	0.2424194
0.4627997	0.2837892	0.2534111
0.5949557	0.1570141	0.2480301
0.4218466	0.3079099	0.2702435
0.4417927	0.2586721	0.2995353
0.5141522	0.2255606	0.2602869
0.5036171	0.2010779	0.2953051
0.5166948	0.1972123	0.2860929
0.5082194	0.2058637	0.2859169
0.2038754	0.4969602	0.2991646
0.5286116	0.1911167	0.2802716
0.6007347	0.1616607	0.2376045
0.6487061	0.1262136	0.2250802
0.5354996	0.1812051	0.2832952
0.6614485	0.1285887	0.2099626
0.6260267	0.1298684	0.2441049
0.4022395	0.3107717	0.2869889
0.6449248	0.1345639	0.2205112
0.6296662	0.1454706	0.2248631
0.5917363	0.161284	0.2469795
0.619035	0.1371294	0.2438356
0.60194	0.1616267	0.2364333
0.575434	0.1691061	0.2554599
0.5710087	0.1919847	0.2370065
0.6546827	0.1202176	0.2250996
0.6611915	0.1177092	0.2210993
0.616503	0.1453445	0.2381524
0.6020302	0.1758842	0.2220856
0.5957825	0.1456193	0.2585982
0.6392068	0.132759	0.2280342
0.6382276	0.1288124	0.23296
0.6154282	0.1463487	0.2382231
0.630127	0.1478168	0.2220562
0.6288226	0.1336676	0.2375096
0.6218013	0.1565631	0.2216356
0.6069852	0.1463488	0.246666
0.5816706	0.1992745	0.219055
0.206059	0.4901056	0.3038354
0.2077185	0.4971052	0.2951763
0.2404565	0.4664876	0.2930558
0.2033686	0.4968794	0.2997521
0.197809	0.4895707	0.3126203
0.215363	0.4886514	0.2959857
0.1962338	0.4965706	0.3071958
0.2518255	0.4575783	0.2905961
0.2363989	0.4706217	0.2929794
0.2510368	0.4562004	0.2927628
0.259407	0.4527252	0.2878679
0.2446362	0.469693	0.2856708
0.4932922	0.2250893	0.2816183
0.4943369	0.1984279	0.3072349
0.4497192	0.2655474	0.2847335
0.512624	0.1933468	0.2940293
0.5096381	0.1999543	0.2904077
0.2108734	0.491477	0.2976494
0.1975594	0.5027267	0.2997139
0.2081935	0.4888494	0.3029572
0.2250317	0.4808572	0.2941111
0.3276049	0.3613195	0.3110756
0.3805356	0.329256	0.2902085
0.232888	0.4785973	0.2885147
0.2124127	0.463025	0.3245623
0.1997269	0.502159	0.2981141
0.2118409	0.4937685	0.2943907
0.2054846	0.4887235	0.3057922
0.198066	0.5021089	0.299825
0.2107055	0.4901181	0.2991763
0.205169	0.4966899	0.2981411
0.1964252	0.5006775	0.3028973
0.2008825	0.5007734	0.2983441
0.2002879	0.5020391	0.297673
0.2086125	0.4951879	0.2961997
0.2161742	0.471139	0.3126871
0.2011716	0.498131	0.3006974
0.205387	0.4960833	0.2985297
0.2030773	0.4994056	0.2975171
0.2063615	0.4927461	0.3008924
0.202731	0.5002521	0.2970169
0.2126741	0.4916901	0.2956358
0.203668	0.4970366	0.2992954
0.2016834	0.498099	0.3002179
0.2414027	0.4409064	0.3176912
0.2018222	0.4993756	0.2988023
0.2181865	0.4638176	0.3179959
0.1980103	0.5023671	0.2996225
0.2220556	0.4842329	0.2937112
0.2231977	0.4853448	0.2914575
0.1976351	0.5032043	0.2991606
0.2094186	0.4961932	0.2943882
0.228902	0.4505781	0.32052
0.2073153	0.4947283	0.2979564
0.198357	0.5017892	0.2998538
0.2015917	0.478377	0.3200311
0.1971052	0.5019996	0.3008953
0.199337	0.5009345	0.2997285
0.1983696	0.5015317	0.3000986
0.1998964	0.4975807	0.3025229
0.2097558	0.4906457	0.2995986
0.2005084	0.4979239	0.3015676
0.2051291	0.4928659	0.3020052
0.1987566	0.4966068	0.3046367
0.209807	0.4930356	0.2971574
0.198548	0.501518	0.299934
0.1977201	0.5018915	0.3003884
0.201869	0.4985789	0.2995521
0.202702	0.498583	0.2987151
0.1988356	0.5010235	0.3001409
0.1965873	0.5014048	0.3020079
0.1935332	0.4859267	0.3205402
0.2098806	0.4927617	0.2973577
0.1995853	0.503149	0.2972657
0.1977306	0.4990941	0.3031753
0.2012399	0.4991555	0.2996046
0.202219	0.4977207	0.3000603
0.2018104	0.4947594	0.3034303
0.2006817	0.4980823	0.301236
0.2031129	0.500017	0.2968701
0.2014287	0.4856606	0.3129106
0.1990177	0.5015462	0.2994361
0.1971618	0.5024691	0.3003692
0.1972729	0.502506	0.3002212
0.1991205	0.5031132	0.2977663
0.2018895	0.4925235	0.3055868
0.1970944	0.5021791	0.3007265
0.195815	0.5002299	0.303955
0.1980459	0.5012464	0.3007078
0.1974157	0.5029292	0.2996552
0.1982567	0.5010717	0.3006716
0.1987007	0.5013153	0.2999841
0.1911562	0.4844823	0.3243615
0.2016694	0.4991398	0.2991908
0.1888581	0.4858702	0.3252716
0.1987086	0.501471	0.2998205
0.1978183	0.5034145	0.2987673
0.2030228	0.4751333	0.3218438
0.2022452	0.4982299	0.2995247
0.200757	0.4677751	0.3314679
0.2030918	0.4986851	0.298223
0.2010636	0.5013805	0.2975558
0.1982116	0.5018994	0.299889
0.1988739	0.4921509	0.3089753
0.2042247	0.4970133	0.298762
0.1992235	0.5007072	0.3000693
0.2010527	0.4993324	0.2996149
0.1972148	0.5013417	0.3014434
0.1992511	0.5006518	0.3000971
0.2200589	0.4777886	0.3021524
0.2084001	0.4871523	0.3044476
0.232709	0.4727764	0.2945147
0.2000547	0.502507	0.2974383
0.1974326	0.4979144	0.304653
0.1989159	0.5005851	0.300499
0.2031191	0.4949076	0.3019734
0.2025568	0.4989767	0.2984664
0.2015306	0.4990707	0.2993987
0.2142125	0.4907153	0.2950721
0.198948	0.4857702	0.3152819
0.2091167	0.4938102	0.2970733
0.1966155	0.5021911	0.3011934
0.2124015	0.4821052	0.3054933
0.2051831	0.504197	0.2906199
0.2009398	0.5004806	0.2985796
0.1994445	0.5020956	0.2984599
0.2057189	0.4969291	0.297352
0.2132795	0.490263	0.2964574
0.1940585	0.5016386	0.3043029
0.1966612	0.5035132	0.2998256
0.2063959	0.474302	0.319302
0.2160516	0.4930366	0.2909118
0.1998063	0.499954	0.3002396
0.2509909	0.4221207	0.3268882
0.1984503	0.500859	0.3006908
0.1992323	0.5005097	0.300258
0.2000658	0.499546	0.3003882
0.1989766	0.4989267	0.3020966
0.1905029	0.4908003	0.3186968
0.197869	0.5015918	0.3005393
0.1972197	0.4840876	0.3186926
0.1977209	0.502388	0.2998912
0.1971277	0.5031788	0.2996935
0.1992351	0.5007235	0.3000413
0.1977202	0.5006918	0.301588
0.1975167	0.5024724	0.300011
0.2069741	0.4975726	0.2954533
0.1958987	0.5032164	0.3008849
0.1982863	0.5018665	0.2998472
0.1984022	0.5015393	0.3000585
0.1989447	0.5009944	0.300061
0.1966903	0.5019375	0.301372
0.1960622	0.5013368	0.302601
0.1979706	0.500311	0.3017184
0.1969546	0.5015215	0.3015239
0.1990866	0.5009578	0.2999556
0.1981912	0.5010342	0.3007747
0.1981791	0.5018077	0.3000131
0.1985555	0.5021278	0.2993168
0.1983809	0.5020619	0.2995571
0.2984754	0.3916092	0.3099156
0.204466	0.4983105	0.2972235
0.1999608	0.5000389	0.3000004
0.1990997	0.4985254	0.3023749
0.1919529	0.4801411	0.3279061
0.1987302	0.501262	0.3000078
0.2004014	0.5004947	0.2991038
0.1986048	0.5014636	0.2999316
0.1989103	0.5012298	0.29986
0.1981198	0.5017367	0.3001435
0.1984775	0.5012952	0.3002273
0.197718	0.5014125	0.3008695
0.1995692	0.4993649	0.3010659
0.2006894	0.4977467	0.301564
0.1979759	0.5008247	0.3011994
0.3079741	0.4078362	0.28419
0.3275276	0.3931023	0.2793699
0.3385793	0.38072	0.2807004
0.3249703	0.3844447	0.290585
0.3509558	0.3796845	0.2693597
0.5247798	0.232355	0.2428651
0.5707044	0.1856508	0.2436446
0.529958	0.2017894	0.2682525
0.6264855	0.1412431	0.2322714
0.5729814	0.2071074	0.2199112
0.381636	0.3463449	0.272019
0.3720589	0.3498296	0.2781111
0.3527713	0.3607592	0.2864695
0.3823269	0.3488588	0.2688144
0.341281	0.374807	0.283912
0.6420628	0.1348322	0.2231049
0.6368338	0.1449621	0.218204
0.6490318	0.1235973	0.2273709
0.6669882	0.1236942	0.2093176
0.6616212	0.1232422	0.2151366
0.6582337	0.1227852	0.2189809
0.6158642	0.1402762	0.2438597
0.2441181	0.4649754	0.2909065
0.2243758	0.4874205	0.2882037
0.2170261	0.4852752	0.2976987
0.2244279	0.4766309	0.2989412
0.253154	0.4673223	0.2795237
0.2510097	0.4661684	0.2828219
0.2412986	0.4591449	0.2995566
0.2316478	0.4741968	0.2941554
0.2093893	0.485886	0.3047248
0.2256241	0.4793926	0.2949833
0.220404	0.4826274	0.2969686
0.2393514	0.4735927	0.2870559
0.3210692	0.401031	0.2778996
0.2236495	0.4742179	0.3021327
0.2194476	0.4760356	0.3045167
0.2105098	0.4889007	0.3005895
0.1989465	0.4979667	0.3030867
0.2205011	0.4791318	0.3003672
0.2337785	0.4503328	0.3158887
0.2224529	0.4796817	0.2978655
0.2263667	0.4812559	0.2923773
0.2311618	0.475209	0.2936292
0.2290939	0.4889622	0.2819438
0.232403	0.4646846	0.3029126
0.22948	0.4684854	0.3020346
0.2225923	0.4727914	0.3046163
0.2226079	0.4843791	0.2930129
0.2247028	0.482088	0.2932092
0.2392958	0.4678348	0.2928694
0.233116	0.4788963	0.2879877
0.2280553	0.4730627	0.2988821
0.2424479	0.4662242	0.2913279
0.209953	0.455961	0.3340859
0.2214268	0.4834682	0.295105
0.247417	0.4374349	0.3151479
0.2150841	0.488718	0.2961979
0.2316657	0.4532088	0.3151255
0.2366395	0.4700219	0.2933386
0.2563352	0.4550995	0.2885652
0.2255483	0.4778836	0.2965679
0.2129793	0.4848409	0.30218
0.4166356	0.2674696	0.3158948
0.2557221	0.4574702	0.2868077
0.224809	0.4753074	0.2998837
0.2580818	0.4500339	0.2918842
0.2347759	0.4536373	0.3115865
0.2743453	0.4292091	0.2964459
0.2701384	0.4446521	0.2852095
0.2682667	0.4171313	0.314602
0.2858895	0.4249357	0.2891746
0.2505346	0.4345143	0.3149509
0.2514101	0.4517981	0.2967919
0.2643506	0.4179607	0.3176889
0.2329455	0.4709324	0.2961221
0.2922805	0.4249602	0.2827593
0.249445	0.4366529	0.3139021
0.2549966	0.4554876	0.2895159
0.2223789	0.4838394	0.2937815
0.2569472	0.431314	0.3117385
0.2411087	0.4697819	0.2891094
0.2459995	0.4381729	0.3158277
0.247667	0.4585313	0.2938017
0.3183491	0.4059006	0.2757502
0.3153782	0.4073223	0.2772995
0.2380892	0.4699307	0.2919802
0.2840557	0.4258362	0.2901083
0.2937689	0.4102903	0.2959406
0.3144928	0.3988307	0.2866766
0.3104194	0.4004227	0.289158
0.2325935	0.4747791	0.2926274
0.3111693	0.4076465	0.2811842
0.2418538	0.4368571	0.321289
0.2430884	0.4669017	0.2900097
0.1960677	0.5015083	0.302424
0.2312438	0.4774516	0.2913047
0.2663842	0.4446129	0.2890028
0.2350299	0.4722958	0.2926742
0.2159771	0.4961369	0.287886
0.2368066	0.4759697	0.2872239
0.2530787	0.45771	0.2892113
0.2547805	0.4678646	0.2773549
0.241512	0.442042	0.3164459
0.2185716	0.4694481	0.3119802
0.253489	0.4549464	0.2915647
0.2344456	0.4690027	0.2965518
0.2287542	0.4609359	0.31031
0.2348742	0.457545	0.3075807
0.2546895	0.4549017	0.2904088
0.217354	0.4813533	0.3012926
0.2536753	0.4645858	0.2817389
0.2277233	0.4773426	0.2949342
0.2517817	0.4559102	0.2923081
0.24846	0.4616698	0.2898702
0.268374	0.4261011	0.305525
0.2682722	0.4453157	0.286412
0.2300098	0.4731478	0.2968424
0.2402059	0.455773	0.3040211
0.2400575	0.4603266	0.2996159
0.2403393	0.4576528	0.302008
0.2242194	0.4808234	0.2949572
0.2222667	0.4712201	0.3065132
0.2312819	0.4841976	0.2845204
0.2524348	0.4665066	0.2810587
0.1963732	0.5021361	0.3014907
0.198416	0.5016578	0.2999262
0.2000591	0.5013114	0.2986294
0.205228	0.4968331	0.2979389
0.2156466	0.4966914	0.2876621
0.225146	0.4785349	0.296319
0.2178535	0.4817707	0.300376
0.2013056	0.4988285	0.299866
0.1930314	0.4975602	0.3094084
0.2163673	0.4867671	0.2968655
0.2042634	0.4969952	0.2987415
0.2078614	0.4965673	0.2955712
0.2013923	0.475583	0.323025
0.2034306	0.4970086	0.2995608
0.2199879	0.4744935	0.3055185
0.2210263	0.4774675	0.3015063
0.2255626	0.4789528	0.2954848
0.1985084	0.5018411	0.2996505
0.1972122	0.502766	0.3000218
0.2150986	0.4890059	0.2958957
0.2363637	0.4644928	0.2991435
0.2031883	0.483332	0.3134798
0.2338424	0.4689449	0.2972126
0.202672	0.4706678	0.3266602
0.2174079	0.4824832	0.3001089
0.2317255	0.4795252	0.2887493
0.2355965	0.4765661	0.2878373
0.2190299	0.4816888	0.2992815
0.2545539	0.4639352	0.2815108
0.2099672	0.493296	0.2967367
0.2012056	0.4985992	0.3001953
0.2071119	0.4787784	0.3141096
0.2304726	0.4748229	0.2947043
0.2254976	0.4819322	0.2925701
0.2090007	0.4953669	0.2956324
0.2376485	0.4787443	0.2836072
0.2152278	0.4853885	0.2993838
0.2136421	0.4781664	0.3081915
0.2066254	0.4962262	0.2971485
0.1972133	0.4982129	0.3045738
0.2014144	0.4866156	0.31197
0.2174423	0.4869283	0.2956294
0.2437463	0.4668631	0.2893906
0.2310453	0.4753465	0.2936083
0.2328473	0.4742443	0.2929084
0.2369896	0.4597858	0.3032247
0.2540655	0.4559875	0.2899469
0.2553019	0.4321516	0.3125464
0.2450492	0.4641692	0.2907816
0.2259882	0.4808328	0.293179
0.2542438	0.453421	0.2923354
0.2146537	0.4737532	0.3115932
0.2125521	0.4806351	0.3068129
0.2115668	0.4825043	0.3059291
0.212562	0.4484054	0.3390325
0.5265834	0.2796389	0.193777
0.4617592	0.2633801	0.2748607
0.226376	0.4775448	0.2960792
0.2704091	0.4424282	0.2871628
0.2138114	0.4973035	0.2888851
0.2055865	0.4788108	0.3156027
0.2433284	0.4588191	0.2978523
0.225932	0.4546649	0.3194034
