0.0004809	0.1608932	0.2314224	0.196513	0.0995203	0.2034858	0.1076834
0.1050807	0.1727329	0.2530548	0.0506389	0.1650452	0.2099827	0.0434651
0.1414272	0.1557245	0.2306827	0.0636665	0.1941195	0.1897203	0.0246594
0.1132938	0.1654788	0.286038	0.0310138	0.1860498	0.1671513	0.0509744
0.3999982	0.1015663	1e-06	0.1000003	0.1992868	1e-06	0.1991464
0.3956342	0.1063598	5.18e-05	0.1084768	0.1922063	0.0007072	0.1965638
0.3976648	0.1019165	1e-06	0.0997256	0.2006915	1e-06	0.1999996
0.3741197	0.1032756	0.009274	0.1076824	0.202941	1e-06	0.2027063
0.397184	0.1084618	0.0011429	0.1000627	0.1959523	0.0006492	0.1965471
0.3892116	0.1166834	1e-06	0.1012893	0.1972135	0.0018288	0.1937722
0.3853968	0.0998278	1e-06	0.1071851	0.1997907	0.0018265	0.2059721
0.3998103	0.1023786	1e-06	0.1003052	0.1978945	1e-06	0.1996094
0.3986412	0.102424	0.0003823	0.1000003	0.2002634	1e-06	0.1982878
0.1040899	0.1783003	0.2804959	0.0525861	0.1658192	0.1937625	0.0249461
0.3641884	0.08313	0.0337297	0.1003266	0.200489	1e-06	0.2181354
0.3940654	0.1050466	0.0009306	0.1003644	0.1983027	0.0039782	0.197312
0.3967857	0.1089769	0.0018365	0.1013492	0.1933974	0.0007222	0.1969321
0.3996108	0.100857	0.0011922	0.1015222	0.200387	0.0003803	0.1960505
0.3956698	0.1114178	1e-06	0.1039077	0.1939083	1e-06	0.1950944
0.3986628	0.1011893	1e-06	0.1039194	0.1999996	0.0013364	0.1948915
0.3915661	0.1150939	0.0059487	0.0951842	0.1973895	0.002344	0.1924736
0.3928071	0.1124294	1e-06	0.1037255	0.1962313	1e-06	0.1948047
0.1471062	0.3687318	0.0808679	0.104672	0.0976387	0.079489	0.1214943
0.1464566	0.3638876	0.0853132	0.0989126	0.1051556	0.0801055	0.1201689
0.0974914	0.1713041	0.3151618	0.0230263	0.1769742	0.1958489	0.020193
0.1710514	0.3613535	0.0797064	0.0995875	0.0858463	0.082464	0.1199907
0.1474806	0.3744579	0.086132	0.0992297	0.0938965	0.0794342	0.119369
0.1435637	0.3708869	0.0826217	0.1017116	0.097167	0.0838369	0.1202122
0.1335464	0.3628529	0.0837986	0.0989216	0.0966848	0.1000003	0.1241954
0.1505627	0.3633682	0.0880087	0.0991426	0.0992022	0.0811466	0.118569
0.1479613	0.3572434	0.0859994	0.0991507	0.0985612	0.0795837	0.1315002
0.1509755	0.3692304	0.083928	0.1001856	0.0967295	0.0828784	0.1160726
0.1519534	0.3680651	0.0874314	0.0989629	0.0894414	0.0875493	0.1165962
0.1448856	0.3670074	0.0858985	0.0988563	0.1000003	0.0850351	0.1183168
0.153915	0.3722567	0.0827622	0.1026876	0.0894424	0.0816975	0.1172384
0.1186985	0.1597827	0.2869758	0.0309143	0.1738757	0.1635156	0.0662373
0.1566451	0.3642385	0.0873475	0.0993245	0.0937581	0.0807675	0.1179188
0.1421443	0.3690284	0.0830904	0.0987507	0.1077562	0.0823198	0.1169102
0.216528	0.2953947	0.0629109	0.099654	0.1167675	0.0616055	0.1471392
0.1978236	0.3147756	0.0687687	0.0993299	0.1090281	0.0676152	0.1426589
0.1891599	0.3444629	0.083947	0.0992279	0.086501	0.0781957	0.1185056
0.193159	0.3367735	0.0735543	0.1005626	0.1054641	0.0726955	0.1177911
0.1445955	0.3709309	0.0819796	0.1034729	0.098122	0.0809997	0.1198993
0.1439646	0.3670776	0.0822824	0.0991941	0.1084783	0.0812848	0.1177182
0.1601373	0.3653645	0.0881914	0.099319	0.0884295	0.0823864	0.1161718
0.1456405	0.3722988	0.0839168	0.09906	0.1000003	0.0830087	0.1160749
0.1642225	0.170296	0.2334979	0.0634347	0.1438783	0.1992807	0.0253899
0.1796176	0.3570296	0.078367	0.1023169	0.0835768	0.0774585	0.1216336
0.1711939	0.3620997	0.0819685	0.0798104	0.093543	0.0825867	0.1287978
0.1509492	0.3730625	0.0872455	0.0987601	0.0909721	0.0839131	0.1150974
0.1392361	0.375526	0.0848469	0.1015925	0.1000003	0.0836445	0.1151537
0.1480012	0.3565605	0.0907512	0.1107097	0.0896971	0.0850674	0.1192128
0.1381802	0.3684392	0.1043393	0.0989554	0.1019292	0.0881564	0.1000003
0.1607751	0.3555425	0.0853194	0.0992357	0.1000003	0.0768712	0.1222558
0.1628307	0.3999982	0.1000003	0.1000003	0.1000003	0.1000003	0.0371699
0.1307817	0.3974335	0.1000003	0.0948556	0.1002489	0.0996511	0.0770289
0.134578	0.395977	0.0993547	0.0943033	0.0992388	0.1000003	0.0765479
0.1149266	0.1727391	0.2754826	0.020512	0.1832993	0.1726154	0.060425
0.1436301	0.3910939	0.1000003	0.0933474	0.1004859	0.0950364	0.0764059
0.1411767	0.3916865	0.1000003	0.0934067	0.1000003	0.0948939	0.0788355
0.1396136	0.3924155	0.1000003	0.0987383	0.1000003	0.0957979	0.0734341
0.1364645	0.3974307	0.1000003	0.0942375	0.1000003	0.0956706	0.0761961
0.1406665	0.3819252	0.1000003	0.1048619	0.1000003	0.0993998	0.0731459
0.1336808	0.3972398	0.0973695	0.0949837	0.1000003	0.1000003	0.0767256
0.1305344	0.39772	0.1000003	0.0989158	0.1000003	0.1000003	0.0728289
0.1382794	0.3973248	0.1000003	0.0935982	0.0993387	0.0947336	0.076725
0.1426213	0.3922113	0.1000003	0.0991315	0.1000451	0.1000003	0.0659902
0.1353119	0.3916988	0.0965991	0.1000003	0.1000003	0.1000003	0.0763893
0.1310413	0.3999376	0.1000003	0.1000003	0.1000609	0.1000003	0.0689593
0.1339466	0.3980527	0.1000003	0.0988058	0.1000003	0.0974207	0.0717735
0.1341274	0.3975542	0.1000003	0.0986907	0.1000003	0.0952318	0.0743953
0.1372633	0.3899411	0.0987456	0.1025857	0.0994248	0.0945501	0.0774894
0.1319878	0.394531	0.0986806	0.1000003	0.1000003	0.1000003	0.0747996
0.1335762	0.3926799	0.0974529	0.1000003	0.1000003	0.1000003	0.0762901
0.1347395	0.3931563	0.1000003	0.1000003	0.1000003	0.0971401	0.0749632
0.1295313	0.4049004	0.096789	0.0947017	0.1000003	0.0964544	0.0776228
0.1386036	0.3937163	0.094483	0.0988508	0.0977117	0.0940294	0.0826047
0.1660311	0.3999982	0.1000003	0.1000003	0.1000003	0.1000003	0.0339695
0.0826672	0.1592337	0.2823777	0.0769585	0.1818154	0.1903637	0.0265837
0.1357764	0.3974835	0.1000003	0.0943717	0.1000003	0.1000003	0.0723675
0.167272	0.3999982	0.1000003	0.1000003	0.1000003	0.1000003	0.0327286
0.2565813	0.3133813	0.0670337	0.1056187	0.1288254	0.0662927	0.0622669
0.1651916	0.3999982	0.1000003	0.1000003	0.1000003	0.1000003	0.034809
0.1236056	0.4041924	0.0951636	0.0891247	0.1000003	0.0960915	0.0918218
0.1819369	0.3999982	0.1000003	0.1000003	0.1000003	0.1000003	0.0180637
0.186524	0.3999982	0.0999968	0.1000003	0.1000003	0.1000003	0.01348
0.1817926	0.3999982	0.1000003	0.1000003	0.1000003	0.1000003	0.018208
0.1712835	0.3999982	0.1000003	0.1000003	0.1000003	0.1000003	0.0287171
0.1784531	0.3999982	0.1000003	0.1000003	0.1000003	0.1000003	0.0215475
0.101284	0.1756515	0.2675899	0.0326631	0.1934335	0.2113273	0.0180505
0.1861287	0.3999982	0.1000003	0.1000003	0.1000003	0.1000003	0.0138719
0.1841947	0.3999982	0.1000003	0.1000003	0.1000003	0.1000003	0.0158059
0.1871889	0.3999982	0.1000003	0.1000003	0.1000003	0.1000003	0.0128117
0.1861234	0.3999982	0.1000003	0.1000003	0.1000003	0.1000003	0.0138772
0.1829264	0.3999982	0.1000003	0.1000003	0.1000003	0.1000003	0.0170742
0.1846356	0.3999982	0.1000003	0.1000003	0.1000003	0.1000003	0.015365
0.186334	0.3999982	0.1000003	0.1000003	0.1000003	0.1000003	0.0136665
0.1894188	0.3999982	0.1000003	0.1000003	0.1000003	0.1000003	0.0105818
0.1832483	0.3999982	0.1000003	0.1000003	0.1000003	0.1000003	0.0167523
0.1702864	0.3999982	0.1000003	0.1006189	0.1000003	0.0993816	0.0297142
0.1033397	0.1787753	0.2666489	0.0385746	0.1888678	0.2209301	0.0028636
0.1648864	0.3999982	0.1000003	0.1000003	0.1000003	0.1000003	0.0351142
0.1679914	0.3997972	0.1000003	0.1000003	0.1000003	0.1000003	0.0322102
0.1695062	0.3999982	0.1000003	0.1000003	0.1000003	0.1000003	0.0304944
0.1643024	0.3992075	0.1000003	0.0999671	0.1000003	0.1000003	0.0365221
0.1663122	0.3999982	0.1000003	0.1000003	0.1000003	0.1000003	0.0336884
0.1649792	0.3999982	0.1000003	0.1000003	0.1000003	0.1000003	0.0350214
0.1604167	0.4023921	0.1000003	0.0974189	0.1001878	0.1000003	0.0395839
0.1631841	0.3999982	0.1000003	0.1000003	0.1000003	0.1000003	0.0368165
0.1684784	0.3999926	0.1000003	0.1000003	0.1000003	0.1000003	0.0315278
0.1695803	0.3999982	0.1000003	0.1000003	0.1000003	0.1000003	0.0304203
0.0952339	0.1727248	0.2830195	0.051011	0.1815496	0.2164603	1e-06
0.0923797	0.1834787	0.2980451	0.0387744	0.1682219	0.2042851	0.014815
0.1774949	0.3726753	0.1046277	0.1036432	0.0970574	0.0925555	0.0519459
0.1602528	0.3909937	0.0872871	0.1039747	0.0995668	0.0952633	0.0626616
0.1678282	0.398796	0.099526	0.0963926	0.1015831	0.09924	0.0366341
0.2322727	0.3132139	0.064482	0.1002701	0.0957486	0.0765997	0.117413
0.2431283	0.291713	0.0831016	0.1002761	0.0952477	0.057561	0.1289724
0.2368174	0.3014927	0.0819241	0.1004809	0.0943349	0.061215	0.123735
0.2395022	0.2987287	0.0602778	0.1199833	0.0950341	0.0610611	0.1254127
0.2408751	0.2955459	0.0741677	0.1007432	0.0950485	0.0598885	0.1337309
0.2436381	0.2891057	0.0693422	0.101292	0.0943312	0.0578692	0.1444215
0.2428974	0.2958511	0.0601761	0.1000751	0.0965402	0.058737	0.145723
0.0976797	0.1836428	0.2715997	0.0447971	0.1729969	0.2145428	0.0147408
0.2252444	0.2928211	0.0789983	0.1060321	0.0921249	0.0648467	0.1399326
0.2312546	0.3058023	0.0837428	0.0989065	0.0943812	0.0637928	0.1221197
0.2329155	0.2991175	0.0896511	0.0971736	0.0918356	0.0677047	0.1216018
0.1999996	0.3999982	0.1000003	0.1000003	0.1000003	0.1000003	1e-06
0.1947933	0.3999982	0.1000003	0.1000003	0.1000003	0.1000003	0.0052073
0.1974767	0.3999982	0.1000003	0.1000003	0.1000003	0.1000003	0.0025239
0.1999996	0.3999982	0.1000003	0.1000003	0.1000003	0.1000003	1e-06
0.1896447	0.3999982	0.1000003	0.1000003	0.1000003	0.1000003	0.0103559
0.1902646	0.3999982	0.1000003	0.1000003	0.1000003	0.1000003	0.009736
0.1901662	0.3999982	0.1000003	0.1000003	0.1000003	0.1000003	0.0098344
0.1188802	0.1569446	0.2804275	0.0292593	0.18179	0.1549115	0.0777868
0.1935113	0.3999982	0.1000003	0.1000003	0.1000003	0.1000003	0.0064893
0.1923851	0.3999982	0.1000003	0.1000003	0.1000003	0.1000003	0.0076155
0.1924109	0.3999982	0.1000003	0.1000003	0.1000003	0.1000003	0.0075897
0.1974326	0.3999982	0.1000003	0.1000003	0.1000003	0.1000003	0.002568
0.1936688	0.3999982	0.1000003	0.1000003	0.1000003	0.1000003	0.0063318
0.1940411	0.3999982	0.1000003	0.1000003	0.1000003	0.1000003	0.0059595
0.1938136	0.3999982	0.1000003	0.1000003	0.1000003	0.1000003	0.006187
0.1939457	0.3999982	0.1000003	0.1000003	0.1000003	0.1000003	0.0060548
0.3987003	0.1009181	0.0011208	0.1000003	0.1996905	1e-06	0.1995688
0.1999996	0.3999982	0.1000003	0.1000003	0.1000003	0.1000003	1e-06
0.1157888	0.1617337	0.29237	0.0239569	0.181557	0.1584868	0.0661068
0.19948	0.3999982	0.1000003	0.1000003	0.1000003	0.1000003	0.0005206
0.1951959	0.3999982	0.1000003	0.1000003	0.1000003	0.1000003	0.0048047
0.1990174	0.3999982	0.1000003	0.1000003	0.1000003	0.1000003	0.000983099999999999
0.1974394	0.3999982	0.1000003	0.1000003	0.1000003	0.1000003	0.0025611
0.1998871	0.3999982	0.1000003	0.1000003	0.1000003	0.1000003	0.0001135
0.1995364	0.3999982	0.1000003	0.1000003	0.1000003	0.1000003	0.0004642
0.1996121	0.3999982	0.1000003	0.1000003	0.1000003	0.1000003	0.0003885
0.1988488	0.3999982	0.1000003	0.1011511	0.1000003	0.1000003	1e-06
0.1999996	0.3999982	0.1000003	0.1000003	0.1000003	0.1000003	1e-06
0.1999996	0.3999982	0.1000003	0.1000003	0.1000003	0.1000003	1e-06
0.1895044	0.1534749	0.2196151	0.0849384	0.1663601	0.182235	0.0038725
0.139917	0.3740218	0.0883781	0.099221	0.0985562	0.0830216	0.1168842
0.1129513	0.386816	0.0973714	0.0988971	0.1000003	0.0957005	0.1082634
0.1431697	0.3757132	0.0874381	0.098851	0.0925303	0.0865267	0.115771
0.131982	0.3787764	0.0891232	0.0989552	0.0941926	0.1000003	0.1069703
0.1255527	0.3787817	0.0882315	0.1023488	0.1012043	0.0992442	0.1046366
0.1468183	0.3753409	0.0856357	0.0989371	0.090731	0.0847998	0.1177369
0.1488639	0.3764166	0.0864987	0.0988179	0.0913692	0.0856439	0.1123898
0.154884	0.365063	0.0881128	0.1065154	0.0927347	0.0815327	0.1111572
0.3107611	0.1995227	0.0432031	0.1002122	0.1382836	0.0420559	0.1659613
0.1375897	0.375559	0.085133	0.1028327	0.0988956	0.0840177	0.1159723
0.1772223	0.1533221	0.203785	0.06425	0.1595788	0.1894627	0.0523788
0.2828675	0.2269705	0.042021	0.0998429	0.140291	0.0416168	0.1663902
0.2871958	0.2146166	0.0507902	0.107141	0.1348667	0.0498769	0.1555127
0.192133	0.1196768	0.0284539	0.2549437	0.1380562	0.2060721	0.0606646
0.2619574	0.2444131	0.0512929	0.1006639	0.139817	0.0460636	0.1557921
0.2641195	0.2451836	0.0475705	0.1004621	0.1405681	0.0467469	0.1553494
0.2590497	0.2451134	0.0513821	0.103591	0.1400049	0.0466437	0.154215
0.3294597	0.1770294	0.0327253	0.1034147	0.1531133	0.0314725	0.1727851
0.2810859	0.2277991	0.0418437	0.1010665	0.1464831	0.0404204	0.1613014
0.2789981	0.231728	0.0427177	0.1003692	0.1393835	0.0412468	0.1655564
0.2884079	0.2212763	0.0402054	0.100458	0.1454002	0.0385894	0.1656627
0.0868929	0.1485042	0.2820514	0.0537437	0.1889705	0.211458	0.0283795
0.3495988	0.2043353	0.0407675	0.111452	0.1467417	0.036177	0.1109278
0.3146587	0.1850619	0.0465907	0.103738	0.1492801	0.0367058	0.1639647
0.2480408	0.2622172	0.052558	0.1000686	0.1310325	0.0519213	0.1541616
0.3291288	0.1793621	0.0344437	0.10078	0.1528322	0.0328675	0.1705855
0.3400116	0.1685765	0.0286515	0.1005569	0.1586959	0.0278116	0.1756959
0.3398968	0.1683092	0.0286637	0.1006585	0.1587577	0.0277977	0.1759164
0.3199031	0.188907	0.0299905	0.1007046	0.1563911	0.028591	0.1755127
0.3425323	0.1662206	0.0275022	0.1009765	0.1577363	0.0263537	0.1786783
0.3633944	0.1446343	1e-06	0.101683	0.172091	0.0166404	0.2015559
0.3330504	0.1752897	0.0248293	0.10094	0.1626801	0.0236676	0.1795429
0.0979274	0.1622073	0.2900933	0.0261126	0.1784777	0.152701	0.0924807
0.3397014	0.1672083	0.0290263	0.1011872	0.1615347	0.0276805	0.1736615
0.3319784	0.1759748	0.0252488	0.1011104	0.1631816	0.0239899	0.178516
0.3689578	0.1373869	1e-06	0.1050043	0.1776156	0.0133243	0.1977101
0.3920904	0.1054586	1e-06	0.1046151	0.2002823	1e-06	0.1975516
0.3957551	0.1042434	1e-06	0.1003903	0.1999996	3e-04	0.1993106
0.3977722	0.1041659	0.0011424	0.1016239	0.1964364	1e-06	0.1988582
0.3825543	0.1038077	1e-06	0.1115562	0.195175	0.0052853	0.2016205
0.3974232	0.1058886	0.000896	0.101873	0.1966107	1e-06	0.1973075
0.3997402	0.1044785	1e-06	0.1010351	0.1972127	1e-06	0.1975315
0.3999562	0.1022139	1e-06	0.0999755	0.2000416	1e-06	0.1978108
0.1040738	0.1793323	0.2830399	0.0541734	0.1619783	0.1908758	0.0265265
0.3999982	0.1001509	1e-06	0.1000003	0.199849	1e-06	0.1999996
0.3988557	0.1022844	1e-06	0.1006909	0.1999996	1e-06	0.1981674
0.3987407	0.1046411	1e-06	0.1016705	0.197225	1e-06	0.1977206
0.3986914	0.1050783	1e-06	0.0997619	0.1999996	1e-06	0.1964668
0.3999982	0.1002361	1e-06	0.1000003	0.1997638	1e-06	0.1999996
0.3999982	0.1000003	1e-06	0.1000003	0.1999996	1e-06	0.1999996
0.100695	0.1960424	0.2840348	0.040342	0.1608832	0.2038248	0.0141775
0.0996983	0.1793031	0.2971466	0.0195276	0.1874677	0.1755034	0.0413533
0.1036579	0.1865009	0.2862561	0.0130904	0.1807259	0.2166127	0.013156
1e-06	1e-06	1e-06	0.3999982	0.1999996	0.3999982	1e-06
0.0089219	0.004338	1e-06	0.4041295	0.1906244	0.3919329	5.23e-05
0.0354209	1e-06	0.0073052	0.3799267	0.1886467	0.3886985	1e-06
0.0046071	0.0048969	1e-06	0.4074288	0.193057	0.3900082	1e-06
0.1841053	0.1382153	0.0310528	0.236259	0.1309102	0.1853292	0.094128
1e-06	1e-06	0.0001047	0.3998945	0.1999996	0.3999982	1e-06
0.0575303	0.0330761	0.044785	0.3040315	0.21894	0.3132034	0.0284335
0.1465723	0.3701101	0.0854518	0.0991253	0.1000003	0.0798627	0.1188775
0.0465158	0.0400261	0.0361616	0.3315743	0.193975	0.327895	0.0238522
0.1000003	0.1851305	0.2773978	0.0338602	0.1792259	0.2243842	1e-06
1e-06	1e-06	1e-06	0.3999982	0.1999996	0.3999982	1e-06
0.1046539	0.0753391	0.0438228	0.2811946	0.1731039	0.3065816	0.015304
0.0607174	0.0469596	0.033539	0.3389706	0.1823261	0.2844759	0.0530111
0.0903276	0.0567783	0.0982687	0.3123835	0.1440739	0.272897	0.0252709
0.1052566	0.0541966	0.0350138	0.3098136	0.1618882	0.31443	0.0194013
0.0503926	0.0692245	0.0499767	0.3144116	0.2006478	0.3153456	1e-06
0.068305	0.0607808	0.0552065	0.3166427	0.2069078	0.2525677	0.0395893
0.096311	0.0405721	0.0881686	0.2951	0.1590364	0.2700283	0.0507835
0.0794014	0.1000388	0.0770195	0.275624	0.1601607	0.2429416	0.0648139
0.0805956	0.1130539	0.0681108	0.2398747	0.1764467	0.1966076	0.1253108
0.150134	0.1752489	0.2523068	0.0670995	0.1466446	0.1636598	0.0449065
0.1041702	0.073323	0.122255	0.2256584	0.1698024	0.1644013	0.1403895
1e-06	0.0022098	1e-06	0.4012185	0.1965705	0.3999982	1e-06
1e-06	1e-06	1e-06	0.3999982	0.1999996	0.3999982	1e-06
1e-06	1e-06	1e-06	0.3999982	0.1999996	0.3999982	1e-06
1e-06	1e-06	1e-06	0.3999828	0.1999996	0.4000136	1e-06
1e-06	1e-06	1e-06	0.3999982	0.1999996	0.3999982	1e-06
1e-06	1e-06	1e-06	0.3999982	0.1999996	0.3999982	1e-06
1e-06	1e-06	1e-06	0.3999982	0.1999996	0.3999982	1e-06
1e-06	1e-06	1e-06	0.3999982	0.1999996	0.3999982	1e-06
0.1114181	0.1575569	0.2486445	0.0975214	0.1089016	0.2197311	0.0562267
1e-06	0.0021321	1e-06	0.3977239	0.1999996	0.4001413	1e-06
0.2493173	0.0871516	0.0519545	0.1843191	0.1769563	0.1356315	0.1146698
0.2393828	0.0640674	0.0581783	0.1883666	0.1811635	0.1741464	0.0946951
0.2689058	0.0844901	0.0611981	0.2195473	0.1660511	0.1561099	0.0436978
0.2568956	0.0850932	0.0059264	0.1844457	0.1952906	0.1418272	0.1305213
0.2344174	0.0889694	0.037013	0.2078215	0.126688	0.1843902	0.1207007
0.2169987	0.0922723	0.0699935	0.1958684	0.1602026	0.1491391	0.1155254
0.2204069	0.0945505	0.0540107	0.20712	0.1678655	0.1408636	0.1151827
0.1892137	0.1435903	0.1048497	0.1765286	0.2002381	0.129473	0.0561068
0.1844556	0.1352699	0.0697252	0.1886147	0.1861675	0.1827949	0.052972
0.1153365	0.164064	0.2812765	0.0241281	0.2011055	0.1616548	0.0524345
0.2745143	0.094087	0.052314	0.1748102	0.1713972	0.0920085	0.1408686
1e-06	1e-06	1e-06	0.3999982	0.1999996	0.3999982	1e-06
1e-06	1e-06	1e-06	0.3999982	0.1999996	0.3999982	1e-06
2.3e-06	1e-06	1e-06	0.3999969	0.1999996	0.3999982	1e-06
1e-06	1e-06	1e-06	0.3999982	0.1999996	0.3999982	1e-06
1e-06	1e-06	1e-06	0.3999982	0.1999996	0.3999982	1e-06
1e-06	1e-06	1e-06	0.3999982	0.1999996	0.3999982	1e-06
0.0001687	1e-06	1e-06	0.4024203	0.1997697	0.3976383	1e-06
1e-06	1e-06	1e-06	0.3999982	0.1999996	0.3999982	1e-06
0.1240737	0.1562158	0.2663639	0.029505	0.1767133	0.1453045	0.1018239
1e-06	1e-06	1e-06	0.3999982	0.1999996	0.3999982	1e-06
0.0915894	0.1866145	0.2708347	0.037416	0.1605562	0.2357019	0.0172872
0.1003331	0.1823369	0.2721148	0.0343169	0.1830895	0.2164947	0.0113139
0.1157821	0.1820097	0.2704668	0.0192651	0.1768569	0.1797703	0.0558486
0.1226752	0.1496891	0.2809475	0.0320361	0.1691737	0.1383439	0.1071344
0.1102852	0.177373	0.2804679	0.040546	0.1776489	0.2136778	1e-06
0.1259099	0.1588867	0.2785109	0.0490052	0.1778009	0.1494481	0.0604383
0.0628909	0.2093421	0.2000513	0.1045297	0.1445076	0.2062424	0.0724359
0.1573308	0.1698932	0.2149493	0.0788361	0.1393354	0.1849998	0.0546552
0.1185605	0.1570746	0.2800584	0.027891	0.1763429	0.148702	0.0913706
0.1081572	0.1719202	0.2853902	0.0189567	0.165635	0.1944907	0.0554498
0.0875864	0.1788953	0.2407563	0.0868694	0.175528	0.2021954	0.0281692
0.1134973	0.1659012	0.2966428	0.0421718	0.1830146	0.1619707	0.0368016
0.1196734	0.1639486	0.2833336	0.0459535	0.1788151	0.1516249	0.0566509
0.1119536	0.1756154	0.279077	0.0476618	0.1666786	0.1911002	0.0279134
0.1114282	0.1796491	0.2805318	0.0187872	0.1892392	0.1920841	0.0282804
0.1152227	0.1594108	0.2860471	0.0310134	0.1995767	0.169353	0.0393763
0.0913964	0.1950313	0.262685	0.0359211	0.1790511	0.2243799	0.0115349
0.0625033	0.1469592	0.1342387	0.1902557	0.0873472	0.1836689	0.1950269
0.0779005	0.1935893	0.0928399	0.1864607	0.0878754	0.1483664	0.2129678
0.046757	0.2704884	0.0777729	0.1622252	0.097939	0.2134321	0.1313853
0.0653805	0.2166854	0.0909146	0.2186736	0.0550154	0.2049688	0.1483617
0.102969	0.1850959	0.0895977	0.1839632	0.044835	0.1638944	0.2296449
0.0379279	0.2371513	0.114642	0.2335874	0.1091013	0.1819306	0.0856596
0.113101	0.1281114	0.117843	0.1843858	0.1238104	0.0697666	0.262982
0.051465	0.2240682	0.1055746	0.217348	0.0834752	0.1908883	0.1271807
0.0366452	0.2528996	0.0988763	0.2187325	0.0900229	0.1967973	0.106026
0.0975591	0.1844183	0.2905751	0.0343739	0.1913177	0.1789656	0.0227902
0.1138455	0.2089731	0.0470229	0.2216069	0.1304633	0.1024104	0.1756777
0.066127	0.208584	0.0686544	0.1859228	0.065984	0.2024187	0.2023089
0.1331558	0.0494773	0.1778468	0.1575331	0.1151285	0.0457902	0.3210682
0.0549401	0.2477392	0.0920284	0.1694186	0.0841621	0.2126754	0.1390362
0.1303435	0.0497584	0.1631009	0.1635762	0.1067227	0.0588503	0.3276481
0.1264452	0.0516826	0.1493649	0.1717274	0.0995583	0.0660207	0.3352008
0.0499624	0.2530313	0.0936712	0.207973	0.0865643	0.1954925	0.1133052
0.0569371	0.2264758	0.0668574	0.1937105	0.0916005	0.1836598	0.1807589
0.0523317	0.2493763	0.0845614	0.2147465	0.0634545	0.2133428	0.1221867
0.0339405	0.2324204	0.1262433	0.2077773	0.1143626	0.1745778	0.1106781
0.0975984	0.1921595	0.2802783	0.0359448	0.1859122	0.2081058	1e-06
0.0589223	0.2345712	0.0909778	0.1826699	0.0765592	0.2159281	0.1403714
0.0548086	0.2481486	0.0892482	0.1831357	0.0719316	0.2267718	0.1259554
0.1288013	0.0542662	0.1400079	0.1792916	0.1027994	0.0678011	0.3270325
0.1307664	0.0481665	0.1620542	0.1633838	0.1050358	0.0559055	0.3346876
0.0491982	0.2401984	0.0925502	0.2149874	0.077307	0.20758	0.1181788
0.0801492	0.1925022	0.0800822	0.1881185	0.067105	0.1798671	0.2121759
0.0809163	0.1892991	0.079863	0.1861849	0.0564539	0.1906545	0.2166284
0.0567868	0.1835444	0.1074543	0.1944969	0.1010427	0.1564972	0.2001772
0.1242119	0.1062598	0.1254147	0.1918208	0.0797741	0.1129322	0.2595866
0.0922842	0.1832142	0.2953424	0.0378147	0.1639228	0.213972	0.0134497
0.1257298	0.0932143	0.1435993	0.1761179	0.1104414	0.0659709	0.2849264
0.0375237	0.1920815	0.1796907	0.1639898	0.1752626	0.124286	0.1271656
0.0761167	0.1954308	0.0900616	0.1883679	0.0613099	0.2187255	0.1699876
0.1166962	0.1143732	0.1211325	0.1877304	0.1204429	0.0690795	0.2705454
0.10176	0.1623065	0.1033301	0.1892195	0.0770302	0.1422902	0.2240634
0.1028396	0.1423338	0.143722	0.1739764	0.1066795	0.1043822	0.2260665
0.1308766	0.0436694	0.1416348	0.1770716	0.06293	0.1016096	0.3422081
0.062688	0.2245285	0.0596648	0.2044477	0.0605148	0.2006427	0.1875136
0.0463636	0.2655973	0.0796843	0.1955684	0.0992196	0.1824573	0.1311096
0.1315048	0.0447099	0.1711111	0.1610115	0.1121825	0.0497737	0.3297066
0.0982679	0.1864489	0.2938886	0.0276742	0.1966625	0.1893927	0.0076652
0.0415944	0.2296913	0.1204449	0.2218105	0.1105736	0.1682017	0.1076837
0.0912689	0.1561827	0.0936956	0.2053619	0.1233686	0.1050477	0.2250744
0.0758663	0.1030934	0.1284302	0.1823736	0.1296197	0.103104	0.2775127
0.1283193	0.050758	0.1448526	0.1732216	0.0983232	0.0659522	0.338573
0.0892793	0.0682162	0.1707875	0.1705116	0.0894316	0.0866887	0.3250852
0.0455763	0.237472	0.1196134	0.1996354	0.0971	0.1866163	0.1139866
0.1320756	0.0414531	0.1729044	0.1622245	0.1180875	0.0457879	0.3274672
0.0476377	0.2751014	0.0680679	0.2007027	0.0891249	0.189768	0.1295974
0.0553129	0.2674982	0.0691358	0.1985649	0.0905827	0.1839826	0.1349228
0.1306807	0.0525778	0.1524126	0.170242	0.0793726	0.1034327	0.3112816
0.0985993	0.1775874	0.2792942	0.0451772	0.1854537	0.1748475	0.0390407
0.1055311	0.0986354	0.1324464	0.1923274	0.1441127	0.0922787	0.2346684
0.070011	0.2313025	0.0573253	0.1814097	0.0497348	0.2180567	0.1921598
0.0660008	0.2321215	0.0884725	0.200274	0.09347	0.1761491	0.1435123
0.1151232	0.123011	0.1144041	0.1844568	0.064887	0.1604059	0.237712
0.052772	0.0100287	0.0419762	0.3697625	0.1918163	0.2978154	0.0358287
0.1154867	0.09145	0.234577	0.0882134	0.141424	0.0833266	0.2455224
0.1285872	0.060064	0.1539707	0.1728806	0.099808	0.0721484	0.3125409
0.0771667	0.2544026	0.0813016	0.203585	0.0773234	0.1683169	0.1379038
0.0509854	0.2379057	0.1139692	0.2117441	0.1471399	0.1195748	0.1186809
0.1044469	0.1468108	0.0998212	0.1817372	0.0589196	0.1555533	0.2527111
0.1240375	0.1457549	0.2896772	0.0574635	0.1734907	0.1398113	0.0697648
0.1082763	0.1746742	0.2792793	0.046998	0.170637	0.220134	1e-06
0.0718636	0.2099557	0.0687916	0.1828456	0.0505392	0.2079333	0.208071
0.1297993	0.0620476	0.1569744	0.1801435	0.1067593	0.0681139	0.2961618
0.0513145	0.2511636	0.0861716	0.2157274	0.0760115	0.2051091	0.1145023
0.0577021	0.2157769	0.0880824	0.1891044	0.0778458	0.192452	0.1790364
0.0571987	0.2392953	0.1016576	0.2003184	0.0720174	0.1980341	0.1314783
0.1101127	0.0417724	0.1985295	0.1497369	0.1525435	0.0260691	0.3212359
0.0539622	0.1904707	0.1155318	0.1891866	0.0987375	0.1750135	0.1770977
0.1304715	0.0679457	0.1416858	0.179199	0.1068895	0.0594187	0.3143898
0.1232067	0.1337129	0.1137078	0.1854266	0.0494478	0.137497	0.2570013
0.1124403	0.0675566	0.1282056	0.18516	0.1261256	0.0799034	0.3006084
0.0978127	0.1680765	0.3006424	0.0442064	0.1805639	0.158013	0.0506851
0.1155756	0.0642927	0.1483604	0.1851198	0.1246165	0.0691485	0.2928865
0.1080964	0.1148552	0.1264048	0.1916023	0.1249661	0.0754752	0.2586
0.0502227	0.2181558	0.1036586	0.192158	0.0884842	0.207431	0.1398897
0.1279439	0.141739	0.1048856	0.1833829	0.0329293	0.154298	0.2548214
0.05292	0.2032439	0.1155024	0.1928318	0.0865687	0.1783178	0.1706154
0.050908	0.2392406	0.0980303	0.2132458	0.0882175	0.1911611	0.1191968
0.0480183	0.2321685	0.1069451	0.2017132	0.0913578	0.1854326	0.1343644
0.0499993	0.2488682	0.088668	0.2020259	0.0815058	0.1989606	0.1299722
0.0336356	0.2286484	0.1273228	0.2214868	0.0976313	0.1884762	0.1027988
0.0986348	0.1434063	0.2463035	0.0517706	0.172604	0.2024534	0.0848272
0.1282642	0.1189084	0.1135931	0.1884607	0.0547743	0.128908	0.2670912
0.175458	0.1411953	0.1587636	0.1427504	0.1247427	0.1350821	0.122008
0.1321442	0.0584403	0.1392261	0.1772166	0.1003825	0.0695564	0.3230339
0.0366012	0.2521959	0.101013	0.2141664	0.101957	0.1847895	0.109277
0.0545421	0.2753537	0.0631206	0.1711462	0.0794799	0.2286425	0.1277149
0.1002296	0.1185653	0.1267709	0.1890066	0.1401827	0.0797416	0.2455034
0.1311683	0.0479227	0.1415841	0.1822695	0.1116316	0.0554666	0.3299572
0.1301276	0.075933	0.1386483	0.1833161	0.1092427	0.0599342	0.3027981
0.0541004	0.2331676	0.0951452	0.1990453	0.0761874	0.1958484	0.1465056
0.0895013	0.0821014	0.1774498	0.1846311	0.1412383	0.0879467	0.2371314
0.1713604	0.1377555	0.2372377	0.0813728	0.1417881	0.1667822	0.0637035
0.0794473	0.1908376	0.0855191	0.1814036	0.05224	0.1979427	0.2126096
0.0650389	0.2267915	0.0694391	0.1886955	0.0754807	0.1997194	0.1748348
0.0873622	0.1885748	0.064743	0.2080715	0.1029528	0.1302815	0.2180142
0.1173273	0.1959936	0.0422993	0.2101267	0.0704166	0.1775776	0.1862591
0.0860054	0.1806578	0.0991269	0.187339	0.074198	0.1653103	0.2073627
0.0625651	0.2204713	0.0958847	0.1795843	0.137088	0.1426518	0.1617548
0.0466028	0.2464955	0.0951714	0.2011228	0.0839007	0.1989484	0.1277585
0.0504472	0.271325	0.0655062	0.2214234	0.0731785	0.2054796	0.1126401
0.0362219	0.2520944	0.1006122	0.2185658	0.0925082	0.1932749	0.1067226
0.0989568	0.1304641	0.1246558	0.1844047	0.1207119	0.0962523	0.2445545
0.0978229	0.1837805	0.2923786	0.0427459	0.1742121	0.2040075	0.0050525
0.1191995	0.150742	0.1064704	0.1872335	0.0570054	0.1422236	0.2371255
0.1121872	0.1638882	0.0808045	0.1938146	0.0912829	0.1441281	0.2138941
0.0780647	0.1954076	0.0768892	0.2013975	0.07129	0.1904018	0.1865493
0.1255242	0.1230315	0.1266055	0.1834074	0.0530411	0.1326091	0.2557812
0.0542132	0.2362454	0.0950614	0.183176	0.073872	0.2259132	0.1315187
1e-06	0.2368247	0.1238431	0.2518001	0.0898045	0.2074544	0.0902714
0.0525909	0.2557828	0.0787461	0.1748798	0.0710647	0.237539	0.1293967
0.0574507	0.2121969	0.1063598	0.2106615	0.0793023	0.1895982	0.1444307
0.1388111	0.0171189	0.2564847	0.0781279	0.1638911	0.0005525	0.3450137
0.0943858	0.1620153	0.2725071	0.044656	0.1818466	0.2312796	0.0133095
0.11682	0.1509918	0.2484012	0.1039403	0.1380323	0.0511205	0.1906939
0.0735087	0.1688075	0.2647208	0.0298608	0.1837716	0.0820862	0.1972442
0.129727	0.1456867	0.2319018	0.097006	0.153893	0.044148	0.1976375
0.0419453	0.1857007	0.2157126	0.1563533	0.1489308	0.1091248	0.1422323
0.0564393	0.1719905	0.2230132	0.1311563	0.1846584	0.0679123	0.16483
0.0756247	0.1370177	0.2765879	0.0763972	0.1718398	0.0547427	0.2077898
0.1201736	0.1040002	0.2540003	0.0760067	0.1401054	0.0394648	0.2662489
0.0660894	0.1531684	0.2362577	0.1227132	0.1748032	0.0618773	0.1850908
0.2668893	0.0469067	0.1417093	0.0972465	0.1780582	0.0014706	0.2677195
0.084921	0.1171172	0.2809344	0.0749492	0.171307	0.0501637	0.2206075
0.1224027	0.1728916	0.2621897	0.0437538	0.1632658	0.1713751	0.0641213
0.0915095	0.1159786	0.2509125	0.1006665	0.1651067	0.0480662	0.2277601
0.1343098	0.0712417	0.2621229	0.0843111	0.1626612	1e-06	0.2853524
0.0688486	0.1637302	0.2278749	0.1193569	0.1833021	0.060126	0.1767613
0.0953404	0.1112159	0.256339	0.0948507	0.1643805	0.0429765	0.234897
0.066602	0.1485345	0.2338219	0.1355539	0.1737056	0.0615091	0.1802731
0.1826321	0.1174484	0.1887282	0.1014365	0.1074858	0.1481646	0.1541046
0.1233485	0.1095367	0.2373493	0.0973313	0.1506397	0.0382123	0.2435824
0.1376641	0.017424	0.2731063	0.0766873	0.1616598	0.0029167	0.330542
0.05388	0.1592842	0.2339973	0.1359044	0.1784423	0.0697682	0.1687236
0.0499881	0.153569	0.2341506	0.1452624	0.1813058	0.0725429	0.1631813
0.0870243	0.1683348	0.2354763	0.062632	0.1696004	0.2459944	0.0309379
0.1122759	0.1475615	0.2790594	0.0391392	0.132857	0.0534679	0.2356392
0.1029524	0.1284355	0.2564471	0.1149635	0.1291871	0.0565119	0.2115023
0.1215424	0.1224988	0.2393602	0.0602687	0.1654377	0.0512576	0.2396348
0.1410995	0.0063006	0.2399789	0.0797437	0.1613488	0.0019404	0.369588
0.1049541	0.1384947	0.294965	0.0760241	0.1300268	0.0586675	0.1968678
0.1426447	0.0002486	0.2340299	0.1000003	0.1596986	1e-06	0.3633769
0.1252054	0.0858833	0.2674046	0.0665454	0.1464789	0.0312317	0.2772507
0.0462491	0.1774491	0.2244041	0.1420224	0.1813005	0.0746964	0.1538783
0.1208716	0.0956388	0.2805882	0.0667774	0.1453364	0.0357069	0.2550808
0.1242231	0.051975	0.2964934	0.0632409	0.1553398	0.0261428	0.282585
0.0881476	0.1616675	0.2656294	0.0705616	0.1663404	0.2187605	0.028893
0.1385914	0.0161254	0.2489835	0.0889323	0.1754116	1e-06	0.3319549
0.0791051	0.1414084	0.2816375	0.0385183	0.1700468	0.0541835	0.2351003
0.0886499	0.1486155	0.1882528	0.0989999	0.1634053	0.0855492	0.2265274
0.1316399	0.0907889	0.2439508	0.0606924	0.149986	0.0244918	0.2984502
0.0796488	0.1285675	0.2485707	0.1106901	0.1694985	0.0532764	0.2097479
0.0545433	0.1699387	0.2285494	0.1365955	0.1793619	0.0693051	0.1617063
0.1204928	0.11195	0.256032	0.0954396	0.1393767	0.042898	0.2338109
0.144783	0.1521231	0.209963	0.1093119	0.1281694	0.061404	0.1942455
0.0355471	0.1771459	0.222041	0.1538059	0.1570949	0.1060921	0.1482732
0.0768299	0.1273871	0.2428213	0.1173168	0.1638877	0.0624387	0.2093183
0.1448011	0.0001722	0.233063	0.0927255	0.1653667	1e-06	0.3638706
0.135142	6.93e-05	0.2655384	0.074274	0.1668217	0.0073027	0.350852
0.0571365	0.1714328	0.2309527	0.1300824	0.1757322	0.0699035	0.1647599
0.1409589	0.0634395	0.2373687	0.0706619	0.1721675	0.0102769	0.3051265
0.048131	0.1659717	0.2218802	0.1394851	0.1854965	0.0693611	0.1696745
0.0239015	0.1821298	0.2231905	0.1599725	0.1821903	0.0939091	0.1347062
0.139022	0.0147896	0.2328975	0.0814656	0.167933	0.0061396	0.3577527
0.1193529	0.0970442	0.2642279	0.0685161	0.1437421	0.0378387	0.269278
0.0334666	0.1907786	0.2247331	0.1513034	0.1642618	0.1056938	0.1297626
0.0544974	0.1730863	0.2273102	0.133991	0.1740684	0.0739549	0.1630917
0.1064802	0.174124	0.2669911	0.0393107	0.1810226	0.2111076	0.0209638
0.1012246	0.1501713	0.2259132	0.0896143	0.1289215	0.1757176	0.1284377
0.0861574	0.1189943	0.2480072	0.1076342	0.1681561	0.0501885	0.2208623
0.1248178	0.0357061	0.2965071	0.0680347	0.1494568	0.0319983	0.2934792
0.1203938	0.0657061	0.2931647	0.0557358	0.1508142	0.0329842	0.2812011
0.1444253	0.0029325	0.2361383	0.0891908	0.1644823	0.0002053	0.3626255
0.0655587	0.1562985	0.2358768	0.1223989	0.1744654	0.0622464	0.1831554
0.0527497	0.1721204	0.2289842	0.1348932	0.1723812	0.0776133	0.161258
0.1235207	0.0928709	0.278528	0.0531917	0.145136	0.034238	0.2725146
0.0354704	0.1864612	0.2290004	0.1510526	0.1829125	0.0866321	0.1284707
0.0721117	0.1449337	0.2832689	0.0755896	0.1715594	0.0588144	0.1937222
0.0297648	0.1784483	0.2218112	0.1622493	0.1744688	0.0944752	0.1387822
0.1048877	0.1489248	0.25896	0.0741513	0.1683935	0.1289521	0.1157304
0.158349	0.0832595	0.2099455	0.0902344	0.1499531	0.0361932	0.2720653
0.0652605	0.1655947	0.2361336	0.1226023	0.1748579	0.0622919	0.1732591
0.1135748	0.0866937	0.280191	0.0548681	0.1584235	0.0347707	0.2714784
0.1418137	0.0025521	0.23268	0.0880295	0.1672704	0.003757	0.3638972
0.1311005	0.014476	0.268562	0.0647373	0.1554283	0.0185404	0.3471555
0.0992779	0.1136469	0.2707963	0.0743607	0.1604997	0.0453732	0.2360453
0.1679816	0.0772515	0.255622	0.0735146	0.1690869	0.0049832	0.2515604
0.1462533	0.0056252	0.2333142	0.09042	0.1592485	1e-06	0.3651378
0.1377539	1e-06	0.2819999	0.07569	0.1647556	0.000931499999999999	0.3388679
0.0976209	0.1832063	0.2913586	0.0447227	0.1509654	0.2108841	0.021242
0.1143618	0.1097949	0.2602782	0.0755284	0.1379553	0.0440709	0.2580105
0.0066662	0.1679227	0.2426056	0.1786967	0.1911774	0.1021573	0.1107741
0.0472206	0.1870082	0.2038823	0.1453462	0.177299	0.0841816	0.155062
0.1349015	0.098536	0.2374573	0.0571832	0.1481553	0.0287549	0.2950118
0.0930554	0.1058414	0.2824628	0.0723085	0.165579	0.0437748	0.2369781
0.1261527	0.0549103	0.2946616	0.0694347	0.1444132	0.0334401	0.2769873
0.1209352	0.0999029	0.2741165	0.0663734	0.1393395	0.0458135	0.2535192
0.131468	0.038058	0.2628275	0.074636	0.1530212	0.0196316	0.3203578
0.1340457	0.1192752	0.2185829	0.0777878	0.1624607	0.0545376	0.2333103
0.0956449	0.2007851	0.2479359	0.0843028	0.1357806	0.1856817	0.0498691
0.0522328	0.1752383	0.2270931	0.1359674	0.1728485	0.0775338	0.1590862
0.1148689	0.0502551	0.2698002	0.0861878	0.1595445	0.0308128	0.2885309
0.1371792	0.0554077	0.2229356	0.084192	0.1635094	0.0054885	0.3312874
0.028638	0.1750452	0.2037901	0.1808789	0.1902231	0.0859999	0.1354248
0.0850973	0.1156456	0.2374334	0.1145209	0.16585	0.0585023	0.2229506
0.0530637	0.1667519	0.2227091	0.1453179	0.1775294	0.0711538	0.1634742
0.0292399	0.1842759	0.2073597	0.1842979	0.1681035	0.1017767	0.1249465
0.0710348	0.1568858	0.2321391	0.1279922	0.1706194	0.0651522	0.1761767
0.1265369	0.0709755	0.2365854	0.070271	0.1427486	0.0557575	0.2971246
0.0334192	0.2085074	0.190172	0.1749516	0.1728295	0.0979675	0.1221527
0.0592948	0.1406423	0.276556	0.1153544	0.1947706	0.1644209	0.0489607
0.1223631	0.0586966	0.2634286	0.0833221	0.1484539	0.0346966	0.2890392
0.0566504	0.1693058	0.2248086	0.1394338	0.1747245	0.0722351	0.1628418
0.0421	0.1782347	0.2104867	0.1548633	0.1768459	0.0913516	0.1461178
0.00724	0.2016103	0.1918261	0.1842326	0.1797158	0.1106099	0.1247653
0.0477847	0.1790858	0.2101915	0.1515988	0.1712486	0.0921317	0.1479588
0.1056696	0.083195	0.201623	0.1011732	0.1563961	0.0641212	0.2878219
0.0189285	0.1946538	0.2029096	0.1776794	0.1756924	0.1040775	0.1260588
0.0814848	0.1253216	0.2420569	0.118761	0.1675103	0.0520492	0.2128161
0.1304451	0.0406945	0.2616283	0.0759566	0.1532941	0.0369208	0.3010609
0.0564464	0.1976642	0.2282837	0.1070231	0.1796748	0.1691194	0.0617883
0.0860272	0.1198766	0.2423764	0.0823256	0.1651468	0.066148	0.2380996
0.1374368	0.0120916	0.2414877	0.0823076	0.1640677	0.0005249	0.3620837
0.0224653	0.1914226	0.2086243	0.1694561	0.1698082	0.107533	0.1306903
0.0324025	0.1863781	0.1890126	0.1870523	0.1794083	0.0931266	0.1326195
0.0833748	0.1197256	0.2397801	0.1179188	0.1666875	0.0559268	0.2165863
0.0594017	0.1658602	0.2269721	0.0900898	0.1747053	0.0891958	0.1937751
0.0289589	0.190342	0.204731	0.1675762	0.180389	0.0939055	0.1340971
0.0674392	0.1475441	0.2293489	0.136888	0.171587	0.06152	0.1856727
0.0668085	0.1716636	0.2229376	0.1456035	0.1476174	0.085868	0.1595016
0.0667042	0.1454525	0.2298631	0.1361547	0.1665886	0.075346	0.1798909
0.23838	0.1058088	0.1398152	0.1227461	0.1746953	0.1214595	0.0970952
0.1043463	0.1045615	0.2444946	0.1179398	0.1390609	0.0529273	0.2366698
0.073929	0.1631998	0.2262078	0.1370055	0.1439238	0.0857715	0.1699627
0.0209943	0.190558	0.2000928	0.2066096	0.1752089	0.1071703	0.099366
0.044599	0.198367	0.1934475	0.161	0.1568215	0.1045358	0.1412292
0.0232792	0.1944995	0.2064684	0.1720014	0.1761734	0.1010167	0.1265614
0.0306714	0.1841755	0.2196045	0.1666738	0.1833519	0.0896585	0.1258644
0.0895045	0.1361147	0.1862019	0.1176513	0.1655702	0.0703237	0.2346338
0.0526914	0.1678787	0.2205008	0.144047	0.1721525	0.0811923	0.1615374
0.0745153	0.1556584	0.2337299	0.1251855	0.1683697	0.064293	0.1782481
0.1052119	0.1323353	0.2481377	0.1306424	0.1284958	0.0545534	0.2006233
0.1232657	0.1427927	0.2742918	0.047279	0.1801277	0.162649	0.069594
0.1230095	0.0854148	0.250755	0.1037078	0.1418642	0.0351205	0.2601281
0.1116913	0.0525677	0.2786811	0.0801022	0.1597762	0.0450423	0.2721393
0.000645	0.1676152	0.232384	0.1999996	0.1968227	0.1025332	0.1000003
0.0555698	0.1683783	0.2234945	0.1429978	0.1759336	0.0704643	0.1631617
0.0554825	0.1610981	0.2245479	0.1456431	0.1756837	0.0731311	0.1644136
0.1264801	0.0912586	0.2608652	0.0925701	0.1604651	0.0122104	0.2561507
0.0386761	0.1817744	0.2253668	0.1583568	0.1829565	0.0820203	0.1308492
0.0687607	0.1709209	0.2189931	0.0939912	0.1535666	0.1034917	0.1902759
0.0273711	0.1880364	0.2167551	0.1655133	0.1786328	0.0930144	0.1306768
0.0797337	0.1358998	0.2812824	0.0676778	0.1695655	0.096422	0.1694189
0.119005	0.1013613	0.2543642	0.0826965	0.1370418	0.0538443	0.2516869
0.036178	0.1804186	0.2295733	0.1672384	0.1810852	0.0801779	0.1253286
0.0338102	0.1872307	0.2054925	0.1709498	0.1669798	0.1031585	0.1323785
0.1029033	0.0993078	0.2841899	0.0506372	0.1642953	0.0386937	0.259973
0.1335365	0.0186455	0.259642	0.0842486	0.1555642	0.0138923	0.334471
0.0636007	0.1719002	0.2149353	0.1482542	0.1573602	0.0864534	0.1574959
0.0577922	0.1716009	0.222146	0.1387417	0.1715976	0.0773605	0.1607612
0.0595235	0.1504	0.223322	0.1375893	0.1734458	0.0834761	0.1722433
0.0428304	0.1834509	0.2066353	0.1579075	0.1649104	0.094518	0.1497475
0.1307674	0.032593	0.285072	0.0668223	0.1509242	0.0222778	0.3115434
0.1414701	0.1150848	0.2824484	0.0431703	0.1607584	0.1117127	0.1453552
0.039283	0.1815846	0.182609	0.1850027	0.1684934	0.0988363	0.1441908
0.0347086	0.1900998	0.2013133	0.1595155	0.1734826	0.1019188	0.1389613
0.031238	0.1854064	0.18512	0.1921571	0.1771932	0.0915438	0.1373415
0.0491767	0.1705447	0.2190774	0.1483559	0.1737644	0.0822192	0.1568616
0.0321138	0.1938293	0.1951088	0.1755541	0.1711553	0.1098699	0.1223688
0.0488317	0.1659907	0.2221343	0.1495983	0.1736335	0.0804571	0.1593543
0.1341199	0.0019694	0.2728756	0.0758551	0.1559856	0.0101285	0.3490656
0.055386	0.1650736	0.2206003	0.1481095	0.1679429	0.0778914	0.1649962
0.0395356	0.1963092	0.1939878	0.156631	0.1737604	0.0950535	0.1447224
0.0279571	0.1695767	0.223794	0.176656	0.1832785	0.0870258	0.1317119
0.0803339	0.1548143	0.2823831	0.053815	0.1839115	0.2167014	0.0280407
0.1195312	0.1091592	0.186064	0.1343963	0.1099797	0.1360777	0.2047918
0.1149548	0.1163739	0.1938029	0.1683186	0.1447857	0.0762878	0.1854766
0.0490792	0.1740599	0.2209698	0.1497705	0.171004	0.0817079	0.1534088
0.0526579	0.1733408	0.2220998	0.1440206	0.1764861	0.072434	0.1589609
0.0231399	0.1894227	0.2012157	0.1710236	0.1612868	0.1249971	0.1289141
0.0541629	0.1687062	0.2235196	0.1448713	0.1711788	0.0801775	0.1573837
1e-06	0.1592297	0.2407695	0.1999996	0.1943997	0.1056002	0.1000003
0.032319	0.1883233	0.2110115	0.1718399	0.1554524	0.1062338	0.1348202
0.0479329	0.177491	0.1874374	0.1743917	0.1783732	0.0764516	0.1579224
0.056695	0.1882715	0.2138728	0.1565629	0.1562056	0.0939163	0.1344758
0.0645965	0.1534897	0.2296232	0.1325438	0.1737929	0.0640347	0.1819191
0.0430235	0.183633	0.2413995	0.0929194	0.1168957	0.2218823	0.1002465
0.0621302	0.1799555	0.2013799	0.149615	0.1611537	0.0921148	0.1536511
0.113996	0.1907321	0.1672625	0.136423	0.1496893	0.0870007	0.1548964
0.0499184	0.1742797	0.2182703	0.1495664	0.1647461	0.09391	0.149309
0.0544187	0.1932784	0.1618604	0.1735293	0.1780959	0.077047	0.1617704
0.1202918	0.1399001	0.2508432	0.1029074	0.1377722	0.0426052	0.2056801
0.1301075	0.039109	0.2630416	0.0832584	0.1501984	0.034195	0.3000902
0.1307257	0.118305	0.2153439	0.0824173	0.1545285	0.0722682	0.2264114
0.0230155	0.1913435	0.2047846	0.1671415	0.172762	0.1097357	0.1312172
0.1335381	0.022001	0.2776064	0.0689586	0.1522219	0.0196748	0.3259992
0.1429217	0.0907349	0.2795358	0.0539862	0.1608695	0.0849707	0.1869813
0.164978	0.0378445	0.2431956	0.0690466	0.1802289	0.0072277	0.2974788
0.0025717	0.1838132	0.2161532	0.187533	0.184273	0.1131891	0.1124669
0.0257012	0.1892286	0.2113838	0.1684161	0.178769	0.0976998	0.1288014
0.035554	0.1847021	0.1885318	0.1818121	0.1802264	0.0889988	0.140175
